PC1	PC2	PC3	PC4	ETHNICITY
0.000725426	-0.0058821	0.00215348	0.00448842	NA
-0.0319917	0.0116992	0.00869645	0.00798116	NA
0.0177795	0.00795223	0.0069344	0.0141837	NA
-0.0119475	-0.00846895	0.0036945	-0.0116901	NA
0.0169236	-0.00283603	0.00472881	0.00864522	NA
-0.0296168	0.00152316	0.00869009	-0.0134097	NA
0.00599599	-0.000203223	-0.00356538	-0.000217516	NA
-0.00991024	0.00993815	-0.00111782	0.00606781	NA
0.00762319	-0.00951946	-0.0165916	-0.00300255	NA
0.0224474	0.00394719	0.000296483	0.0113174	NA
-0.0249942	0.00298274	0.00847374	-0.0145374	NA
0.0175367	-0.00108477	5.46E-06	-0.0103994	NA
-0.0173523	-0.00252645	-0.00648907	-0.0154802	NA
0.0142536	0.00320103	0.00469385	-0.0169345	NA
0.00718696	0.000579169	-0.0108122	-0.015536	NA
0.00935117	-0.0176456	0.00803383	0.00030356	NA
0.00839529	-0.00231235	0.00301168	0.0131003	NA
0.00908861	-0.016215	-0.0315435	0.00569137	NA
0.0113018	-0.00605869	-0.0081014	0.00101162	NA
0.0217769	0.00926812	0.00426141	-0.00276304	NA
-0.0091563	-0.0044261	-0.00041267	0.00701444	NA
0.0115516	0.00915713	0.00720193	-0.0166325	NA
-0.00265669	0.00306964	0.00773849	-0.00854318	NA
0.00326343	-0.0258831	-0.000146263	0.00821475	NA
0.0120981	0.0059752	0.00402795	-0.000877233	NA
0.0166637	0.00602407	0.00269707	0.0111768	NA
0.0126529	0.00981752	-0.00559223	-0.00829492	NA
0.0212197	0.00930957	0.00043437	-0.00465948	NA
0.0111067	-0.00556466	-0.0143102	0.000759601	NA
0.019522	0.00434152	0.00746342	-0.000872763	NA
0.0159559	0.00468903	0.00946633	0.00936329	NA
0.0182295	0.00958812	0.00532413	0.00593338	NA
-0.0119516	-0.00403819	-0.0226142	-0.00243895	NA
0.00200032	-0.0130836	-0.00423082	0.00943388	NA
0.0194491	0.00745202	0.00169352	-0.0188397	NA
0.0031709	-0.0135943	-0.00255837	0.0116117	NA
0.0254395	0.0157626	0.00604128	0.0152347	NA
-0.0137636	0.00478832	-0.00808021	0.0111546	NA
-0.0109393	-0.00287207	0.00084868	0.00941759	NA
0.0148413	0.00546817	0.00522131	0.0109897	NA
-0.0135068	-0.0100615	-0.00413888	-0.00096488	NA
0.0091646	-0.00265151	-0.00938587	-0.00661635	NA
0.0181927	0.00718916	0.00381572	0.00518907	NA
0.0159767	0.000906343	-0.00526643	-0.00986291	NA
0.00792584	0.00294974	-0.00850213	-0.00488335	NA
0.00954695	-0.0240165	0.0113434	-0.0020887	NA
-0.0121617	0.00317932	0.00759349	0.00567664	NA
0.0167873	0.00976937	0.00478587	-0.00969965	NA
0.012801	-0.00221394	0.00353992	0.0075375	NA
0.0203235	-0.000335084	0.0107135	0.00636878	NA
0.0216069	0.0111933	0.00876952	0.0126434	NA
-0.00544814	0.00207965	0.00633365	0.0019427	NA
0.0171597	0.00294614	0.00601866	-0.0048849	NA
0.0132459	0.0067079	-0.00478155	-0.0117034	NA
0.00368732	-0.0204239	0.000603813	0.00421185	NA
0.00932015	-0.00408108	0.00805109	0.00459697	NA
-0.0233845	0.000477714	-0.00400444	0.000140451	NA
0.0229287	0.00481405	0.0127489	-0.00209703	NA
0.0120119	0.0043366	0.00881697	-0.005	NA
-0.0255744	0.0037937	-0.000434806	0.0112667	1
-0.0141176	-0.00036625	-0.00498017	-0.00920695	1
-0.0153347	-0.00571033	-0.00598854	-0.00268708	1
-0.00912005	0.001232	-0.00362249	0.00262812	1
-0.0353175	0.0129341	0.0121679	0.020878	1
-0.0396526	0.0113179	-0.00424837	-0.00774989	1
-0.0241308	0.00885596	-0.000562929	-0.00170277	1
-0.0251972	0.00492637	0.00449026	-0.0120463	1
-0.0235796	-0.00102833	0.00308253	-0.00216792	1
-0.0276141	-4.86E-05	0.0016949	-0.0188223	1
-0.0219043	-0.00134124	0.000202215	-0.016849	1
-0.0293996	0.00711006	-0.000333626	0.00633449	1
-0.0139083	-0.000255971	-0.00340319	-0.0120697	1
0.00723267	-0.0148317	0.00322718	-0.00824174	1
-0.0259728	-0.00184511	0.000713755	-0.00648681	1
-0.0283377	0.00259896	0.000260091	0.00949995	1
-0.0161456	0.000168889	0.0019147	0.00103144	1
-0.0170445	-0.00429965	-0.00835853	0.0112712	1
-0.00985898	0.0102938	0.00390434	0.00341498	1
-0.0206221	-0.000835107	-0.000767475	0.00945535	1
-0.0304599	0.00166156	0.00375347	0.0132825	1
-0.0181239	-0.0015782	-0.00745472	0.00666614	1
-0.0110923	-0.00755142	-0.00277064	0.0252178	1
-0.0331979	0.00327465	0.00452218	-0.00427363	1
-0.0159078	0.00184843	0.00350227	0.00347588	1
-0.0245957	-7.88E-05	0.00768225	-0.010551	1
-0.0200128	0.00118956	-0.0101579	0.0164035	1
-0.0137248	0.000234581	-0.00351536	-0.0074881	1
-0.0271829	0.0001952	0.00237088	0.00732114	1
-0.033031	0.00204498	0.00222415	-0.000191348	1
-0.00764258	-0.00145337	-0.00134536	-0.0050647	1
-0.0296849	0.007263	0.000556941	-0.00750319	1
-0.0322484	0.0042457	0.00640633	-0.00125529	1
-0.00403239	0.0046764	0.00104138	-0.00405674	1
-0.016508	-0.00319254	0.000303114	0.0104258	1
-0.0287879	0.000223161	-0.000765514	0.0140299	1
-0.0252757	0.00452544	-0.00878787	0.0146505	1
-0.0255729	-0.00105833	-0.000619488	0.00040131	1
-0.00524415	0.00280932	0.0118918	-0.00158953	1
-0.00543813	0.00880253	-0.000648144	-0.0144754	1
-0.0205022	-0.00423645	0.00500943	-0.00517718	1
0.00871911	0.000108558	-0.00245273	-0.00527109	1
-0.0154152	-0.00314585	-0.00297291	0.0178593	1
-0.0105142	0.00979128	0.00495454	0.0155211	1
-0.0195161	-0.000256017	-0.00189051	-0.013876	1
-0.0211297	0.00432797	-0.000960885	-0.00875793	1
-0.0305074	0.00105478	0.00834225	-0.00379258	1
-0.0306972	0.000834069	0.00876538	-0.0144363	1
-0.00473848	0.00718926	0.000712277	0.0119227	1
-0.0322675	0.00975292	0.00391688	-0.00748541	1
-0.0267942	0.00683782	0.00237551	0.00372793	1
-0.0265089	0.00125468	0.0017215	0.0246017	1
-0.0345297	0.00630376	0.00857131	0.00226267	1
-0.0285938	0.00359379	0.00684629	0.00210608	1
-0.03369	0.00486593	0.0041976	-0.00735058	1
-0.0306704	-9.16E-05	-0.00552652	0.0082289	1
-0.0150111	-0.00877674	0.000856783	-0.00275146	1
-0.0139102	0.000380493	-0.00755559	0.00153774	1
0.00726099	-0.00538976	0.00294178	-0.00443601	1
-0.0246696	0.00485549	-0.00532183	-0.0069665	1
-0.0147454	-0.00541751	-0.00702265	-0.0104119	1
-0.00771791	0.00268502	0.00764126	-0.00420856	1
-0.0235449	0.00618465	-0.00700542	-0.00335378	1
-0.0171763	-0.00404532	0.00501553	0.00876311	1
0.0138052	0.00232615	-0.00626321	0.0127453	1
-0.0103089	-0.0080542	-0.0069185	0.000899417	1
-0.0176083	-0.00322789	-0.00285761	-0.00452845	1
-0.0277125	0.000891615	0.00640657	0.000480269	1
-0.0186854	0.0117505	0.004769	0.00872489	1
-0.0216963	0.00391085	-0.00320299	-0.017358	1
-0.0180298	0.00237445	0.00281318	-0.0106944	1
-0.00237961	-0.0184159	0.00277005	0.00756052	1
-0.0267468	0.00801763	-0.00118377	0.0094112	1
-0.0222675	0.00372838	0.00135975	-0.00297619	1
-0.00571185	0.00325454	-0.00377649	0.0125551	1
-0.00717028	-0.0123866	-0.0159579	-0.00590923	1
-0.0325093	0.0076694	-0.000277904	-0.0100414	1
-0.0336288	0.0055156	0.00319373	-0.0131799	1
-0.00885623	-0.00435479	-0.00835516	-0.00460794	1
-0.0264563	0.00632724	-0.00375577	0.0140718	1
-0.0127614	-0.00350938	0.00515613	-0.00624245	1
-0.0301398	0.0123093	0.00453373	-0.0210981	1
-0.0239589	0.0066142	-0.00439351	-0.0019465	1
-0.0274448	0.00121615	0.00344714	0.00119512	1
-0.0235562	0.00414626	0.00386125	0.00097455	1
-0.000546898	0.0074622	0.00159196	-0.00505974	1
-0.0160211	0.00521399	0.0037042	-0.0121655	1
-0.041477	0.0137731	0.00932774	-0.0173448	1
-0.0143017	-0.00315879	-0.00153428	0.00892393	1
-0.024282	0.00222799	-0.00354518	0.0135354	1
-0.021674	0.000991423	0.00144527	0.0107757	1
-0.00979426	-0.00830249	-0.00197977	0.00925686	1
-0.00437966	-0.000580408	-0.000743609	0.011124	1
-0.0193464	0.017	0.00255104	-0.005929	1
-0.0219765	0.000888648	-0.00490149	-0.00745237	1
0.00300638	0.0149946	0.00908023	0.00229339	1
-0.0261422	0.00721453	-0.00133558	-0.00526766	1
-0.0363369	0.00249108	0.00150928	0.0138932	1
-0.0107942	0.0120287	0.00403619	-0.00992797	1
-0.0250911	0.00548142	0.0121565	0.0038415	1
-0.0144989	-0.00304522	-0.00268113	0.00258454	1
-0.0265315	0.00219257	-0.00406917	0.0224586	1
-0.027224	0.0077597	0.00491379	0.0135169	1
-0.00324527	0.00273929	0.00723645	-0.00851208	1
-0.018769	-0.00129968	0.00376136	-0.0131014	1
-0.0269443	0.0055287	-0.00139062	0.0195777	1
-0.0325481	0.00834348	0.00680282	0.0113035	1
-0.0163104	0.00354638	0.00908339	0.0202736	1
-0.0215945	-0.000809083	0.00303983	0.00609757	1
-0.0242285	0.00703125	-0.00546481	-0.0239837	1
-0.0268679	0.000814547	0.00149869	-0.00659584	1
-0.00374543	0.00751804	0.00793221	-0.0276927	1
-0.0286305	0.00598744	0.00574393	-0.00012259	1
-0.0356785	0.0131401	0.0155157	0.00360726	1
-0.0207758	0.00314371	0.000185847	-0.00370643	1
-0.0194521	0.00135676	-0.00500124	-0.0226159	1
-0.0156418	-0.00186218	-0.0041633	0.0213053	1
-0.000523951	0.000540816	0.00141757	0.00156667	1
-0.0213285	0.00555015	0.00387469	-0.0135428	1
-0.0267608	0.00389736	-0.00284599	0.00243761	1
-0.00194824	0.00348099	0.00719472	0.0107124	1
0.0061485	0.00650275	0.000121306	-0.00236693	1
-0.00525662	0.0139603	-0.00497363	-0.0104216	1
-0.0201923	-0.00354211	0.000805251	0.00182793	1
-0.0200021	0.00296594	0.0038389	0.00642474	1
-0.018577	-0.00423228	-0.00135781	0.00151534	1
-0.0171295	-0.00179702	0.00532401	-0.0203282	1
-0.0227334	0.00141077	-3.28E-05	-0.0250659	1
-9.03E-05	-0.00676308	0.000795052	0.00267273	1
-0.013561	0.00835107	0.0111763	-0.00342928	1
-0.0244545	-0.000745836	0.00143138	-0.00108955	1
-0.00100511	-0.00218202	0.00068481	0.0112464	1
-0.0309581	0.00354846	0.0122347	-0.00101292	1
-0.0251398	0.00425836	0.00532269	-0.00180018	1
-0.00948727	-0.00940513	-0.00392591	-0.0200989	1
0.00591287	0.00269527	-0.00617725	0.0134707	1
-0.00358776	-0.00146777	-0.000559043	-0.00291876	1
-0.0189964	0.00270863	-0.000838317	-0.0193356	1
-0.0227616	0.00277997	-0.007875	0.0161231	1
-0.0112538	-0.00503144	-0.00189865	0.00879078	1
-0.0203154	-0.00553946	0.0065259	0.00239418	1
-0.00688425	0.00728552	-0.00212174	0.00424381	1
-0.0210158	0.00396208	0.00371416	0.0144047	1
-0.00975911	-0.0176288	0.0011401	0.00987882	1
-0.0222874	0.00278799	-0.000740117	0.000309013	1
-0.0265443	0.00608206	0.0119484	0.0178471	1
-0.0228552	-0.00302093	0.0131059	-0.00938881	1
-0.0340935	0.00792481	0.00169926	-0.0018024	1
0.00122906	-0.00676933	0.00714834	0.000778053	1
-0.027907	0.00527562	0.00155547	-0.0119794	1
-0.03169	-0.000356826	0.00228167	-0.0144408	1
-0.00857612	-0.000637654	-0.00433881	-0.00170362	1
-0.0137664	-0.0010027	0.00441474	0.0022797	1
-0.00113316	-0.00154642	-0.00906732	0.00740563	1
-0.0167875	-0.00249175	-0.000999371	0.00169295	1
-0.00502705	-0.00195708	-0.00713765	-0.00421503	1
-0.0175366	-0.0101677	0.00548989	0.00908239	1
-0.0126129	-0.000605779	0.000385633	0.00543449	1
-0.0295574	0.000567185	-0.00129703	-0.00291847	1
0.00181831	0.00753745	0.00562457	0.00420793	1
-0.0258487	0.00522347	0.00832301	-0.00128401	1
-0.00260593	-0.00524208	-0.00679212	-0.00476001	1
-0.0137482	-0.00447315	-0.00892895	-0.0206971	1
-0.0253717	-0.00027117	0.00109776	5.36E-05	1
-0.00941319	-0.00532059	0.00477432	0.0258538	1
-0.0257947	0.00409768	0.0037605	-0.0056085	1
-0.00801358	-0.00184142	0.0031343	-0.00647044	1
-0.0265315	0.00533759	0.00153557	0.0108696	1
-0.00579885	-0.00750488	-0.00119453	-0.0142433	1
-0.0271757	0.00352605	-0.00300982	0.00438799	1
-0.00467096	0.00392611	0.00410764	-0.00910032	1
-0.0177189	-0.00406692	0.0055173	-0.00349219	1
0.00704807	-0.0197013	0.00146763	0.00265031	1
-0.00832811	-0.00252889	-0.00575837	0.0104636	1
-0.021143	-0.00230277	-0.00962104	0.00925285	1
-0.0296356	0.00183188	0.000479997	0.00527644	1
-0.0168995	-0.00329982	0.00170642	-0.000989414	1
-0.0223262	-0.00149199	0.00562131	-0.0101966	1
-0.0239011	0.00378338	-0.00360929	0.00313147	1
-0.00104659	-0.003982	0.0072564	-0.00261744	1
-0.0326841	0.00614645	0.0187279	-0.00691703	1
-0.0124768	-0.00822983	0.00123337	0.000996319	1
-0.00969931	-0.00574902	-0.001259	-0.0051262	1
-0.0175491	-0.00652269	0.00308896	0.0064324	1
-0.0189686	-0.00232456	0.0117048	-0.00501591	1
-0.0234606	-0.00691673	0.00784661	-0.0122591	1
-0.0334942	0.00972684	0.00184616	0.0130548	1
-0.00810734	-0.00528585	-0.0138431	0.00517357	1
-0.0314313	0.00427019	-0.00386807	-0.0207117	1
-0.0214229	2.21E-05	0.000873425	0.00786643	1
-0.0208447	-0.000733566	-0.00575554	0.0193604	1
-0.0211901	-0.000173108	0.0025165	0.00333053	1
-0.0249558	-0.00545827	3.28E-05	0.00593219	1
-0.0105087	0.000158629	0.00197251	-0.00386324	1
-0.0123134	0.00204026	0.00369222	0.00175083	1
0.00379807	-0.00744815	-0.00997798	0.00193989	1
-0.0306965	0.00768082	0.0121094	0.00970147	1
-0.0360114	0.0139134	0.0107393	0.0361073	1
-0.033349	0.00667835	0.00491748	-0.0110658	1
-0.00888917	-0.00337574	0.00150418	0.00861547	1
-0.00695166	-0.00343092	-0.00327822	-0.00238509	1
-0.0221027	-0.000905868	-0.00187606	-0.0171191	1
-0.0262042	0.00510706	0.00272659	0.0141395	1
-0.0262988	-0.00219625	-0.00388187	-0.00725043	1
-0.0119512	-0.00635264	0.00244897	-0.000596607	1
-0.0215771	0.00287141	3.61E-05	-0.00149824	1
-0.0112562	0.00415406	-0.00275762	0.0115934	1
-0.0083016	-0.00494622	0.00183986	-0.000207545	1
-0.0219146	0.00894724	-0.00227292	0.00444237	1
-0.0362653	0.00892703	0.000927484	-0.00275291	1
-0.0274987	0.000489454	0.00742914	-0.00595972	1
-0.0269257	-0.00674305	-0.00335048	0.00886905	1
-0.0293936	0.00246786	-0.00129396	-0.00937761	1
-0.03733	0.00518881	8.21E-05	0.00271011	1
-0.0245249	0.00314146	-0.00324109	-0.0164147	1
-0.0191189	0.00230984	0.0109662	-0.00116852	1
-0.0275289	0.00556546	-0.00468579	-0.0143454	1
-0.00916899	-0.00508457	0.00444107	-0.00881349	1
0.00136812	0.00848137	0.00102638	-0.0091227	1
-0.0174874	-0.00371978	-0.0090786	0.00108654	1
-0.0333715	0.00582119	0.00531621	-0.00141682	1
-0.0196798	-0.0013602	-0.0093724	-0.0272847	1
-0.0108621	-0.00757999	7.60E-05	-0.0017377	1
-0.035473	0.014522	0.00358418	-0.0129759	1
-0.0249632	-0.00235625	0.000720645	9.44E-05	1
-0.0214751	0.00653953	0.00729565	-0.00128719	1
-0.0207393	0.00601748	0.0040568	-0.0159463	1
-0.0168314	0.00369403	0.000685359	-0.00686823	1
-0.0304495	0.00266585	0.00616177	-0.00456232	1
-0.0281583	0.00900908	0.00761687	0.000413885	1
0.010314	0.00575628	-0.00120495	0.00744878	1
-0.0179601	0.00298107	-0.00671536	-0.0210198	1
0.022799	0.0111746	-0.00748753	-0.00858505	1
-0.000416868	0.00283481	0.0051691	0.00832654	1
-0.0161007	0.00502735	-0.000984888	-0.00523394	1
-0.00826434	0.0132394	0.00259647	0.0126397	1
-0.0183723	-0.00111407	0.00380889	0.00556238	1
-0.0165912	0.00153719	0.00621306	-0.0019106	1
-0.0171923	-0.00507022	0.00367454	0.00351443	1
-0.0267395	-0.00378453	0.00708997	-0.00186403	1
-0.0232307	0.00448722	-0.00300429	0.0161384	1
-0.00322076	0.00905126	0.00639847	0.0129322	1
-0.0119708	-0.00507924	-0.00456823	-0.00172871	1
-0.0229056	-0.00154764	-0.00310859	0.0184496	1
-0.031443	0.00712024	0.00883505	0.0155494	1
-0.0059273	-0.00398987	-0.00524922	0.000464781	1
-0.0226423	0.0041919	-0.00111657	0.000873084	1
-0.00889337	0.00216825	-0.0058404	0.01507	1
-0.0163332	-0.00328255	0.0025485	-0.00965562	1
-0.0255967	0.00304837	-0.000887727	0.00770377	1
-0.0168583	-0.00367881	-7.22E-05	-0.0181396	1
-0.0190898	0.00037748	0.0012969	-0.000779998	1
-0.00901043	-0.00253818	0.000649788	0.00917365	1
0.0130691	0.00503043	-0.000641552	-0.00450938	1
-0.0264134	-0.00303294	0.00548671	-0.000153196	1
-0.0338035	0.0056329	0.00128947	0.0155182	1
0.0117047	0.00391801	-0.00647438	0.0175597	1
-0.0270729	0.00755797	0.0106999	0.0246474	1
-0.0290582	0.00664081	0.010964	0.0210196	1
-0.0105801	-0.00397903	-0.0234164	0.00728277	1
-0.0315466	0.00727377	0.00600475	-0.018084	1
-0.0374171	0.00841496	0.00126772	-0.0106156	1
-0.0284165	7.80E-05	0.00184888	0.00358976	1
-0.0206916	0.00713678	0.00996218	0.00781727	1
-0.01673	-0.000286484	-0.00208663	0.00462799	1
-0.0159404	5.82E-05	0.0050261	0.00496445	1
-0.0217386	-0.00132978	-0.00220431	-0.000700654	1
-0.0218708	0.00480718	0.00693334	0.013929	1
-0.0261327	-0.00120152	0.00156586	0.00245297	1
-0.0132198	0.00584347	0.0106081	0.002065	1
-0.0255231	0.00414706	0.00979373	-0.00579091	1
-0.0189307	-0.00157117	-0.00311899	-0.0101788	1
-0.0170865	-0.00141767	0.00606104	0.0137429	1
-0.0309414	0.0133036	0.010878	0.0130307	1
-0.0283017	0.010272	0.00859853	0.00285266	1
-0.0162537	0.000426667	-0.00183632	0.00812434	1
-0.0333281	0.00551294	0.012128	-0.000488213	1
-0.033526	0.0082605	0.00784063	-0.0136113	1
-0.0166381	-0.00103793	0.00236648	-0.00538201	1
-0.0132342	-0.00305901	-0.00555134	0.0145621	1
-0.0261359	0.00619199	0.00737175	-0.0103321	1
-0.0223664	0.00479645	-0.00193659	-0.00185184	1
0.000949668	0.0100782	0.00203147	0.00651629	1
-0.0247815	0.00862805	0.00675446	0.00428937	1
-0.0169227	0.0023434	0.00199915	-0.0145819	1
-0.0300374	0.00809278	0.00351363	-0.0137465	1
-0.0296881	0.00741923	0.00674632	-0.0171717	1
-0.0220067	0.0056387	0.00509502	0.00166546	1
-0.0240466	0.00866975	0.00265045	-0.00838801	1
-0.0269626	0.00755968	-0.00292731	0.0190166	1
-0.0274593	0.00389904	-0.00458674	-0.0126152	1
-0.0257218	0.00846345	-0.00896894	0.00449688	1
-0.0212292	0.000472494	0.0095279	0.00472192	1
-0.00493431	-0.0100452	-0.0134452	0.00817079	1
-0.0251422	0.0086268	0.00180911	-0.00859082	1
-0.020605	-0.00191728	-0.00361375	0.0174012	1
-0.0342841	0.00790419	0.00946784	-0.00703666	1
-0.020459	-0.00292344	0.00490496	0.00251408	1
-0.0241113	0.00583824	0.00281066	-0.00549338	1
-0.0313637	0.000726529	0.00395031	0.0149841	1
-0.0061154	-0.00649749	0.00374343	0.00482116	1
-0.0223451	0.00227025	-0.00158242	-0.00436436	1
-0.0254136	0.00508877	-0.00183235	-0.000521427	1
-0.00984341	0.00717279	0.00522465	-0.0041855	1
-0.0306392	0.000770637	0.00222027	0.000516246	1
-0.025299	0.00246079	-0.00757252	0.0187256	1
-0.0208417	0.00130832	6.44E-05	-0.00241538	1
-0.0311806	0.00336241	0.00163562	-0.00547727	1
-0.0300293	0.00624564	0.0118594	0.0140036	1
-0.0243573	0.00459031	0.00183441	0.00109685	1
-0.0194629	0.00143403	-0.00250928	-0.00756155	1
-0.0209092	0.00224096	0.00199189	0.000145464	1
-0.00970356	0.00286327	-0.00215624	0.00923155	1
-0.00287597	-0.00204452	-0.0114791	-0.014441	1
-0.00957103	-0.00269995	-0.00399186	-0.00048932	1
-0.0275219	0.0026565	0.00920713	-0.0125769	1
-0.0300375	0.00390134	0.000239292	0.0176338	1
-0.021637	0.000726013	0.00439189	-0.0051065	1
-0.0202457	-0.000522773	-0.0012397	-0.0124291	1
-0.00199507	-0.00837726	-0.0248062	-0.00466978	1
-0.0180068	0.00732155	-0.000788045	0.0178591	1
-0.0270818	0.00304524	0.00323341	-0.00709708	1
-0.0276713	-0.000812744	0.0112748	-0.0125196	1
-0.0313611	0.0038498	0.00618798	0.00118936	1
-0.02725	0.007984	0.00144336	-0.0183317	1
-0.0266232	0.0109992	0.000800746	-0.00645793	1
-0.00207479	0.0102513	0.00707793	-0.0102818	1
-0.000343927	0.000381571	0.00177139	0.0234764	1
-0.015668	-0.00686133	0.00672173	0.00564947	1
-0.0120872	0.00331713	0.00680181	0.0064261	1
-0.0300615	0.00641334	0.00395105	-0.00905427	1
-0.0173972	-0.00156072	-0.00311459	0.00386394	1
-0.0387146	0.00639976	0.00146851	0.00850516	1
-0.0264755	0.00108181	0.00737946	-0.00505325	1
-0.0104951	-0.00360705	-0.00155506	0.00435124	1
-0.0327847	0.00662683	0.00354668	0.00740868	1
-0.0389751	0.000445789	-0.00171769	-0.0154653	1
-0.0285346	0.00434509	0.000320746	-0.00259028	1
-0.0335012	0.00946089	-0.000855832	-0.0216543	1
-0.0277011	0.0024733	0.00657636	0.0118449	1
-0.00827049	-0.00939113	-0.00101059	-0.00436385	1
-0.0123868	-0.00320388	-0.00042057	-0.00210472	1
-0.00746309	-0.00160332	0.0117901	0.00431196	1
-0.0152763	-0.0119146	0.0152103	0.00795022	1
-0.00717994	-0.00221004	-0.00585048	0.0044336	1
-0.0114148	-0.00568172	-0.00267867	0.00228583	1
-0.0284896	0.000561526	0.00707145	-0.00297615	1
-0.0041043	-0.00147154	-0.00114065	0.00241857	1
-0.0233632	-0.00123741	0.00339861	-0.00819447	1
-0.0297679	0.0033618	0.000122955	0.013115	1
-0.0313796	0.00566822	-0.00218956	-0.00585509	1
-0.00492657	0.0118157	-0.000147998	-0.00810094	1
-0.0141404	0.002237	0.0122746	0.0142813	1
-0.00953547	0.00271292	0.002441	0.00426216	1
-0.0170312	-0.000500115	0.00544544	-0.0108954	1
-0.0175919	0.00239418	-0.00149943	0.0160831	1
-0.0299369	0.00613712	8.12E-05	0.00199121	1
-0.0267694	0.0164775	0.00721186	0.0134039	1
-0.00651031	0.000441159	-0.00185024	-0.000832433	1
-0.0221234	0.000721652	0.00462122	-0.00705926	1
-0.0126948	-0.00660696	0.0016291	0.00899845	1
0.00332017	-0.00885106	-0.0109559	0.000590497	1
0.00210874	0.00678075	0.00330809	0.00151394	1
-0.0116705	-0.00550393	-0.00560436	-0.00308202	1
-0.0173923	-0.00211488	0.0018161	-0.00641083	1
-0.0211458	0.00545368	0.000387495	0.019135	1
-0.0328459	0.00698973	-0.00475686	0.00420954	1
-0.0143556	0.00464851	0.00175714	0.00848254	1
-0.00676253	-0.00276422	0.000610794	-0.00328388	1
-0.0113037	-0.0122036	0.00701731	0.00655728	1
-0.017145	-0.0111687	0.00293532	-0.0152246	1
-0.0164474	-0.00277103	-0.000255472	0.00497606	1
-0.0180219	-0.00387281	0.00700593	-0.00553359	1
-0.0236495	0.0080913	-0.00139873	9.71E-05	1
-0.0128668	-0.00254732	0.00267781	0.0143337	1
-0.0194468	0.00328952	-0.00654794	-0.00966541	1
-0.0124956	0.000529655	0.00330667	0.00434766	1
-0.0325735	0.00627652	0.00762755	0.0031577	1
-0.0221057	0.00186605	-0.00409453	0.0021393	1
-0.0143185	0.00981859	0.00156886	-0.0297446	1
-0.024443	0.00740978	-0.000747726	-0.00730868	1
-0.0252236	0.00776182	-0.000539509	0.0280502	1
-0.0107151	-0.00284491	-0.0152194	0.00681541	1
-0.0139019	-0.00114703	-0.00543065	0.00709041	1
-0.0293315	0.00103986	0.00297087	-0.00506288	1
-0.0327631	0.00599574	0.0120715	-0.0147044	1
-0.0108276	-0.00630641	-0.000542512	0.00120769	1
-0.027299	0.00750401	0.00178835	0.0102742	1
-0.0270226	0.00477368	0.0073593	-0.00329078	1
-0.0299828	0.00361111	0.00360287	-0.0175946	1
-0.0248762	0.000491456	-0.00412253	0.011976	1
-0.0138394	0.00101995	-0.00112691	-0.0128873	1
-0.0239237	-0.0026593	0.0023411	0.0136741	1
-0.0213466	0.00248312	-0.000858695	0.0102305	1
-0.0142492	-7.24E-06	0.00155543	0.00450345	1
-0.0271402	0.00344446	0.0037212	0.00767741	1
-0.0301505	0.00610119	0.00530078	0.0162907	1
-0.0110954	-0.00479241	-0.00445402	-0.00363338	1
-0.0124344	-0.00486622	0.00213288	-0.00592248	1
3.34E-05	0.000122525	-0.00797234	0.00399441	1
-0.00930868	-0.0042161	-0.0161973	-0.00915012	1
-0.029252	0.00446773	0.00407684	0.00485628	1
-0.0318873	0.00583127	0.000592624	-0.0082214	1
-0.0223973	0.00585781	0.00438701	-0.0114282	1
-0.0282958	0.00453528	0.00732331	-0.000805726	1
-0.0353735	0.00507761	0.00528079	-0.0143308	1
-0.0050174	0.00686924	0.00442791	0.00157147	1
-0.0105039	0.00179869	-0.00146483	-0.0121467	1
-0.0192062	0.00430284	0.00546636	3.00E-05	1
-0.0228612	0.00662797	0.0032157	0.00336409	1
-0.0243347	0.00394375	0.00148468	0.0141743	1
-0.0214894	0.00235832	0.00108653	-0.00273082	1
-0.00367818	-0.00266767	-0.00372376	0.0100964	1
-0.00612911	-0.00949144	-0.00630173	-0.0116575	1
-0.022686	0.00423475	-0.00155764	0.00455645	1
-0.0309705	0.00383095	-0.00172686	0.00154834	1
-0.0225682	0.00118065	-0.00997343	-0.0131423	1
0.00211693	-0.0016156	-0.000595162	-0.00455172	1
-0.0281065	-0.00297807	0.00160221	-0.00676757	1
-0.0219717	0.00241595	-0.00536775	0.00266605	1
-0.0353792	0.00665833	0.00593452	0.00643969	1
-0.00444037	-0.00482987	-0.00407414	-0.00371629	1
-0.0372129	0.00689444	-0.00449246	-0.0114491	1
0.0037469	0.00354962	-0.00208476	0.00216181	1
-0.00506644	0.00227318	-0.0136507	0.00307443	1
-0.0343202	0.00648473	0.00746786	-0.00460812	1
-0.0359764	0.00336268	0.0137675	-0.00580169	1
-0.0257632	0.00696351	0.00302213	0.0108177	1
-0.00395195	0.0100008	0.0039086	-0.0106803	1
-0.0310534	0.00214245	0.00451243	0.0010854	1
-0.00277876	0.00589382	0.00341876	-0.0112728	1
0.00107892	0.00397204	0.00730631	-0.000784423	1
-0.0147376	0.00254292	-0.00533131	0.00418563	1
-0.0280748	0.0052223	0.00172794	0.0126544	1
-0.00988645	-0.00241025	-0.0219816	0.0112685	1
0.0151369	0.0022225	-0.000261872	0.00394976	1
-0.0285721	-0.00229741	0.00151749	-0.0157892	1
-0.030355	0.0051627	0.00328387	0.023032	1
-0.0119614	-0.00459022	-0.00336876	0.00285011	1
-0.0281679	0.00418264	0.000966152	0.00709581	1
-0.0170706	0.00696084	-0.00278492	-0.0154093	1
-0.0106453	-0.00188824	-0.00441304	0.0209863	1
-0.0279506	0.0026542	0.00780261	0.00148599	1
-0.000710281	-0.0105527	-0.025849	0.00612811	1
0.00234641	-0.00578745	-0.00852226	-0.00818414	1
-0.0305154	0.00250821	0.00271696	0.00468993	1
0.000319563	-0.00933057	-0.00698006	0.0190335	1
-0.029652	0.00773535	0.00053714	-0.000440438	1
-0.0259039	0.00444819	0.000986625	-0.0183425	1
-0.0235438	0.00751244	0.00176851	0.0019982	1
-0.0265102	0.00743672	-0.00346844	-0.00786889	1
-0.0293035	0.00491978	0.00966565	0.00385856	1
-0.00577377	0.00599066	0.00815011	0.0194922	1
-0.0254889	0.00224576	0.000905335	0.021365	1
-0.0130515	-0.00286678	0.00618048	0.000550263	1
-0.0398165	0.00741002	0.000929234	-0.00621369	1
-0.0194349	-0.00188092	0.000880821	-0.0190336	1
-0.000576724	0.00573426	0.00649278	-0.00628621	1
-0.00863639	-6.10E-05	0.00190277	0.000447925	1
-0.0205565	0.00356482	0.0029476	0.00411063	1
-0.0283906	-0.000586633	0.00840964	0.00126444	1
-0.0030985	0.00281842	0.00494293	-0.00274926	1
0.014756	0.000461283	0.00145501	0.00125813	1
-0.031873	0.0144692	0.0127525	0.0101805	1
-0.0357194	0.00902623	0.00427514	-0.0105934	1
-0.0303168	0.00208955	0.00272542	0.0118305	1
-0.0144685	0.00527323	-0.00362188	0.00832867	1
0.00980257	0.00391223	0.00674411	-0.00262796	1
-0.0194581	0.00146708	-0.00715856	0.00543025	1
-0.0261495	0.00176658	0.00343244	0.00565592	1
-0.0103669	0.00689718	-0.00406027	-0.0157899	1
-0.0263189	0.00225672	-0.000117056	-0.0178751	1
-0.0305283	0.00526766	0.00868509	0.00933789	1
-0.0215625	0.00479903	-0.00409869	0.00171871	1
-0.017396	-0.00305854	0.00109643	-0.00739415	1
-0.0321606	0.0120797	0.0095221	0.00752075	1
-0.0348423	0.00605051	0.00229634	-0.0159427	1
-0.0191876	-0.00261894	0.0032126	0.0100925	1
-0.0256156	0.00727204	0.00597357	-0.014448	1
-0.0029799	0.00283076	-0.00326175	0.0096973	1
-0.0236766	0.00396653	0.00489217	0.00429634	1
0.00277367	-0.00824646	-0.00504243	-0.00354261	1
-0.026725	0.00775469	0.00175566	-0.00204038	1
-0.0328955	0.00904799	-0.00207855	0.00833583	1
-0.0279948	0.00976614	-0.00254692	-0.005709	1
-0.0288846	0.00200207	0.00546274	-0.00544405	1
-0.0134995	-0.00871789	-0.00317703	-0.00207665	1
-0.0213984	-0.00296904	-0.00400718	-0.00930254	1
-0.0101081	0.000487012	-0.00308114	-0.00421822	1
-0.0194128	-0.00271435	-0.00753447	0.00914409	1
0.0152394	0.00683429	-0.00168548	0.00465606	1
-0.0197672	-0.00509652	-0.00288639	0.0154878	1
-0.0149215	-0.00289967	0.00090404	0.00750953	1
-0.0120861	-0.00900673	-0.00446333	0.0110138	1
-0.0239546	0.000422704	0.00104826	0.00862215	1
-0.00964092	-0.00148658	0.0009629	0.00895171	1
0.00376105	-0.00465141	-0.00814646	0.0111296	1
-0.0198569	0.00616804	-0.000102255	0.0102191	1
-0.0259492	0.000946374	0.00483687	-0.0193528	1
-0.00944323	-0.00890017	0.0084371	-0.0110064	1
-0.0251981	0.00153633	0.00855221	-0.00733312	1
-0.0219515	0.00282219	-0.00439524	-0.0212175	1
-0.0068022	-0.00963229	-0.0089155	0.00350989	1
-0.0276994	0.00341548	0.00372178	0.00450259	1
-0.00150451	-0.00656042	0.00366466	0.0056046	1
-0.0235547	0.00444001	0.000120324	-0.00190258	1
-0.00974486	0.00395527	0.00298592	0.00282711	1
-0.0108163	-0.00378766	-0.00257784	0.00773808	1
-0.0297759	0.00620752	0.00364303	-0.00243077	1
-0.0166261	-0.00542032	-0.00340451	0.0158386	1
0.00518428	0.0054355	0.00242895	0.0108733	1
-0.0142531	-0.00489535	0.00114467	-0.00126894	1
-0.0247868	0.000931787	0.00263938	0.00310589	1
-0.0229027	0.00619833	-0.00101106	0.00220925	1
-0.0071327	-3.45E-05	-0.000175641	0.00855989	1
-0.0142485	-0.0138519	0.00990588	0.000872105	1
-0.00926287	0.00173284	0.00496467	-0.00128207	1
-0.0289656	0.00890133	0.0141491	-0.00351676	1
-0.0266006	0.00784482	0.00540557	0.012771	1
-0.0200004	-0.00103882	0.000101003	0.0106319	1
-0.0217461	0.00324611	0.00101093	0.0054483	1
-0.017773	0.00929755	0.00999096	-0.00195667	1
-0.0198312	-0.00202862	0.000611838	-0.00944851	1
-0.0194722	-0.00215055	-0.00189705	0.0105983	1
-0.0127134	-0.00269367	-0.00534806	0.00407874	1
-0.0328531	0.0118275	0.0112587	0.0108169	1
-0.00624464	-0.00180702	-0.00365368	-0.00492047	1
-0.0180435	-0.00847875	0.00324068	-0.000580678	1
-0.0115968	-0.000589373	-0.00900419	0.0154224	1
-0.0194002	-0.00315522	0.00109509	0.0100836	1
-0.0227308	0.0061332	0.00579267	-0.00712506	1
-0.000952917	0.00326893	0.00519032	0.00472599	1
-0.0369429	0.0053748	0.00692901	-0.0193638	1
-0.0131049	0.00534645	0.00541264	0.0121426	1
-0.0166077	-0.00543401	-0.00532609	-0.0176783	1
-0.00398069	0.000273247	0.00360763	0.000848655	1
-0.0157671	0.0049673	0.00130883	0.0040054	1
0.00209286	-0.00443533	-0.00597018	0.00517277	1
-0.00512665	0.00655217	0.00456905	-5.05E-05	1
0.00704895	-0.00754645	-0.0175673	-0.00142471	1
-0.0182852	0.00203942	-0.000953459	-0.00150809	1
-0.0228068	0.000460756	-0.00714926	0.00366521	1
-0.0335285	0.00734009	0.00527701	-0.000291847	1
-0.00110718	0.00538756	0.00339917	0.00203985	1
-0.00399064	0.0084408	0.00508293	-0.00463292	1
-0.0253684	0.0039109	-0.00348088	0.00739928	1
-0.0279167	-0.000538521	0.00261106	0.00947748	1
-0.00589439	0.00198538	0.00137739	-0.00540102	1
-0.0037924	-0.0112918	0.0110445	-0.000122584	1
-0.0305021	0.00496309	0.00331189	-0.0175066	1
-0.000962024	0.0094066	0.00411165	-0.0027376	1
-0.010121	-0.00368935	0.00469809	-0.000651285	1
-0.0189569	-0.00295961	0.00802678	0.00322019	1
-0.0304799	0.00744513	0.00766793	0.015244	1
-0.0281863	0.00179431	-0.00398764	-0.000321046	1
-0.0158152	-0.00441289	-0.000470756	-0.00159979	1
-0.0233595	-0.00340931	0.00322145	-0.0144871	1
-0.0297466	0.00817274	0.00745778	0.00375358	1
-0.0106361	0.00440185	0.00117462	-0.00159487	1
-0.0239255	0.000390478	0.00439234	-0.00319884	1
0.0174529	0.00219098	0.00395988	-0.00969105	1
-0.0302144	0.00785696	0.0054415	0.00593175	1
-0.0216905	0.00148482	0.000825055	-0.00964941	1
-0.0128243	-0.00482905	-0.00639496	-0.0153888	1
-0.02469	0.00585996	0.000966981	-0.00815755	1
-0.0239747	0.00317372	0.00757406	0.00327526	1
-0.0286221	0.00387072	0.00737133	0.0076418	1
-0.0127644	0.000896212	-0.00386705	-0.000526908	1
-0.00702977	-0.00546942	-0.00876167	-0.00204905	1
-0.023117	-0.00405413	-0.00476497	0.000438857	1
-0.0281297	0.0105053	0.00579259	-0.00254097	1
-0.0289489	0.0088213	-0.000990919	0.00241752	1
-0.00811162	-0.00047733	-0.00862612	-0.000423979	1
-0.00384497	0.0109645	0.00501649	0.00576796	1
-0.0373513	0.00710664	-0.000489629	-0.0113078	1
-0.0173547	0.0022396	-0.00147727	0.0170535	1
-0.0268431	0.00716006	0.00220819	-0.0242002	1
-0.027448	0.0032001	0.00174918	-0.00872582	1
-0.00378039	-0.000255249	-0.00514423	0.000924456	1
-0.00845478	-0.00127395	-0.00460695	0.00527058	1
-0.0275406	-0.00181519	0.0019486	0.00332339	1
-0.0170231	0.00209906	-0.00163828	0.00793599	1
-0.00223098	0.00445079	0.00399136	-0.00372435	1
0.0055907	-0.00519464	-0.00718767	-0.00175282	4
0.0132967	0.000136706	0.00088786	-0.00250678	4
-0.000748546	-0.00974645	0.0035116	0.00427239	4
0.0109702	-0.007741	-0.0203547	-0.00151614	4
0.0250837	0.0117999	0.00454522	0.00500375	4
0.0102125	-0.00569241	-0.003434	-0.00614942	4
4.43E-05	-0.0215827	0.00556162	-0.0083638	4
0.00593996	-0.0111821	-0.0166887	0.0032078	4
0.00110885	-0.0206397	0.00248157	0.00155827	4
0.0117338	-0.00747863	-0.0172461	-0.000732822	NA
-0.038597	0.0126524	0.00506204	-0.0174933	NA
-0.0122851	-0.00507437	0.00354004	0.0169786	NA
0.0193672	-0.00229731	0.00357746	-4.96E-05	NA
-0.0286958	0.0106085	0.00647514	0.0166272	NA
-0.00558272	-0.00104405	0.00126969	0.00394756	NA
0.0211267	0.00723249	0.00212603	-0.0119142	NA
0.0134576	0.0122081	0.00126277	0.0122023	NA
-0.0209982	-0.000867969	0.00206761	-0.0184818	NA
0.0139512	-0.00266335	-0.0121243	0.0186998	NA
0.0088084	0.00543767	0.000335698	0.00555618	4
0.00185734	-0.00678399	-0.0107717	-0.00603705	4
-0.0083909	-0.0119031	-0.0155845	0.00511045	4
-0.0305225	0.00619633	-0.00515232	-0.0258794	4
-0.0187449	0.00756891	-0.00117514	0.00814926	4
0.0018748	-0.0130737	-0.00865194	-0.00227685	4
0.00289817	-0.0126626	-0.0219252	0.0193021	4
0.000592584	-0.00521945	-0.000611781	0.00622614	4
0.0125421	0.00232112	-0.000281557	-0.00958576	4
0.00729404	0.00179865	0.000519288	0.0032992	4
0.0148317	0.00243217	0.0057687	-0.00322069	4
0.00941875	-0.000605886	-0.00487048	-0.00577	4
0.00605836	0.000786003	-0.0044358	0.00370555	4
0.0195683	0.00568629	0.00660599	-0.00339961	4
-0.0161388	0.00436156	-0.00316818	0.0127301	4
-0.00207217	-0.00621478	0.0014548	-0.00599348	4
-0.01197	-0.00445406	-0.00318271	0.0154085	4
0.00211372	-0.00598892	-0.00324192	-0.00512583	4
-0.0173572	-0.00496268	-0.00537323	0.00210432	4
0.00366559	0.000914518	-0.00299867	-0.0185842	4
0.0082538	0.0016606	-0.0088919	-0.0143899	4
0.00981291	-0.000322076	-0.00393441	-0.00356475	4
-0.000719171	0.00296384	-0.00476453	-0.00113211	4
0.00128623	-0.00851072	-0.00606374	-0.00914778	4
0.00495896	-0.00138511	0.00271432	0.0145831	4
0.00364611	-0.0103127	0.00824601	0.00469544	4
0.0100362	-0.00485842	-0.000745652	0.0112831	4
0.014875	0.0035926	0.00673893	0.00116533	2
0.0168604	0.0126184	0.0103974	0.0118754	2
0.0126347	-0.00209987	0.00730376	-0.00776997	2
0.0137795	0.00509873	-0.00854318	-0.00890363	2
0.0159904	0.00569713	0.00611468	0.00255416	2
0.0195196	0.015129	0.00685903	-0.00191138	2
0.0209028	0.0158518	0.00569299	0.0129459	2
0.00683987	0.00254834	0.00199809	0.00466492	2
0.008181	0.000582334	-0.00245194	0.00167567	2
0.00488986	0.00231455	-0.00505176	-0.0122401	2
0.0169069	0.0019233	0.00272275	0.0153682	2
0.0146546	0.00590465	0.00299724	-0.0216573	2
-0.0193139	0.00370736	0.00241426	-0.0197728	2
0.0112565	0.00970219	-0.00297818	0.0192297	2
0.00919331	0.00517323	0.0023324	-0.0162054	2
0.0122053	-0.00397011	-0.0123889	-0.00284347	2
0.0146452	-0.00270001	-0.00726315	0.0105547	2
0.00802907	-0.00203838	0.0052745	0.00913799	2
0.0119717	0.00286682	-0.0195445	-0.0156532	2
0.0180539	0.00275103	0.00563487	-0.00621281	2
0.0178555	0.00971888	0.0081228	0.000151625	2
0.0169439	0.00799794	0.00477099	-0.00108485	2
0.00724618	-0.00166679	0.00152657	-0.0083477	2
0.0125183	0.00824376	0.0063478	-0.00707269	2
-0.00559361	-0.00843335	0.000674844	0.00595716	2
0.0126293	-0.00459425	-0.0121319	0.0059899	2
-0.0123639	0.00857067	0.00318799	-0.00953311	2
0.0179091	0.0109856	0.00060214	0.00473267	2
0.0113383	0.00291811	0.0106989	-0.000706586	2
-0.00147251	-0.00239079	0.00204892	-0.000557704	2
0.0093508	0.00391638	-0.00203212	-0.00947555	2
0.0229667	0.0197026	0.00849818	-0.0019603	2
0.0161428	0.012396	0.00367605	0.00597138	2
0.0122042	-0.004214	0.00380563	0.000209006	2
0.000680485	-0.00312382	0.00302286	0.00752337	2
0.00940932	-0.00949048	-0.0299027	-0.00714896	2
0.0178101	0.00417612	0.00712224	-0.000111172	2
0.0187424	0.0108414	0.00351111	-0.00109856	2
0.0211358	0.0085649	0.00472852	0.00111801	2
0.0179322	0.00538406	0.00720431	-0.00190264	2
0.0241476	0.00939238	0.00474528	-0.00828906	2
0.0156739	0.0103312	0.00622495	-0.0176586	2
0.00876361	-0.00595366	-0.0150912	-0.00577458	2
0.00979946	-0.00517921	-0.00255047	0.00792601	2
0.0192448	0.00529977	0.00812876	-0.00733615	2
0.0100074	0.00462055	0.00706199	0.00351472	2
0.00771538	0.00423296	-0.0022273	0.000406156	2
0.0159138	0.00809141	0.00715785	0.00560522	2
0.0165704	0.00536022	0.0103551	-0.0158896	2
0.0131088	0.00557831	-0.00107978	0.00895585	2
-0.00472852	-0.0108195	-0.00236908	0.00537926	2
0.0149799	0.00824232	0.00291101	0.00790272	2
0.0105368	0.01115	0.0082297	0.0152054	2
0.0204572	0.0138204	0.00696255	-0.00297587	2
0.0218346	0.01223	0.0123951	-0.00745732	2
0.0200497	0.0152992	0.00313563	-0.0159749	2
0.0116508	-0.00294193	0.0044167	0.00589688	2
0.0117662	0.00674822	0.000220272	-0.00692134	2
0.0148235	0.00436404	0.00177982	-0.00611404	2
-0.0144328	0.00323552	-0.000510993	0.000528456	2
0.00623046	-0.0153961	0.0113888	-0.00186767	2
0.0161389	0.00943598	0.0019713	-0.0102091	2
-0.0180238	-0.00236302	-0.000254002	-0.00144084	2
0.00672643	-0.00249961	-0.0139042	-0.00445639	2
0.0152683	0.00229989	0.00489506	0.00720286	2
0.0222902	0.0114583	0.00677447	0.00625726	2
0.014102	-9.55E-05	-0.0053164	-0.0135096	2
0.0161375	0.00386563	0.00775507	-0.00315719	2
0.0154538	0.00982301	0.00701841	0.00966665	2
0.0138104	0.000909527	-0.00603315	0.0115796	2
0.0164421	0.000130879	0.00268675	0.00246673	2
-0.014213	-0.000442049	-0.0194307	0.0240048	2
0.0143377	0.00714993	0.00281248	0.00723977	2
0.0222953	0.00878241	-0.000516434	-0.00238997	2
0.0158009	0.00906991	0.00108571	-0.000531072	2
0.0207898	0.00245056	-0.00795802	0.011091	2
0.0234751	0.0156778	0.00747594	0.00873819	2
0.0135618	-0.00110749	-0.00664706	-0.00568827	2
0.00751571	0.00601858	0.00777011	0.0108502	2
-0.019869	0.000239232	0.0025033	0.00390113	2
0.015062	0.0015408	-0.00167736	-0.0160147	2
0.0200988	0.00270894	0.0125768	-0.00137818	2
0.0157917	0.00426265	0.00576265	-0.00571698	2
0.0143976	0.0070465	0.00322983	-0.000325436	2
0.000763897	0.00184362	0.00373667	0.0067626	2
0.0107191	0.00276692	0.00637659	-0.00944695	2
0.00961697	-0.00953702	0.00746627	-0.00182894	2
0.0199014	0.000950245	0.0122193	0.00637333	2
0.0102701	0.00204777	0.00295589	0.0192664	2
0.0132777	-0.000484729	-0.00911984	0.00835155	2
-0.0108506	0.00333288	-0.0080923	-0.00990043	2
0.0159625	-0.00134288	-0.00232263	0.0023907	2
0.0117063	0.0117936	0.00507262	-0.0218554	2
0.0111712	0.00463494	0.00829284	0.00181669	2
0.0105277	0.000856594	0.000779089	-0.000796405	2
0.0104908	0.0076394	-0.00216531	-0.00730148	2
-0.000728546	-0.00366935	-0.00463896	0.00105692	2
0.0175977	0.00303566	0.0103019	0.00959334	2
0.0192347	0.0176292	0.00975665	0.0202251	2
0.0108843	-2.13E-05	-0.00420768	-0.0114192	2
0.0182679	0.00290288	-0.00262878	-0.00748826	2
0.0142137	0.00396879	0.00362914	-0.00607742	2
0.00895923	0.00501742	-0.00628569	0.0175893	2
0.0124224	0.00664194	0.00855708	0.0170566	2
0.0159308	0.00320737	-0.00750002	-0.00671609	2
0.0204378	0.0116898	0.0069592	0.0143481	2
0.0107673	-0.000689815	-0.00562438	0.0121634	2
0.00192171	0.00541583	0.0123635	0.00261604	2
-0.0191126	0.00322722	0.00163829	0.00411359	2
-0.00337547	-0.00324522	0.000979889	0.00184837	2
-0.00987737	0.000570708	-0.00450369	-0.0173905	2
0.0097337	0.0113689	0.00707463	0.0037015	2
0.00599856	-0.00147881	-0.00650472	-0.0121716	2
0.0123888	-0.00216801	-0.00705635	-0.00955499	2
0.017182	0.0140879	0.0140778	0.0163464	2
0.0116995	0.0109109	0.000488862	-0.0101623	2
0.0183137	0.000888664	0.00856777	-0.00589127	2
0.0145618	-0.00814627	-0.0215568	0.00911554	2
-0.00675308	0.0116564	0.00427769	-0.00553679	2
-0.0289792	0.00185514	0.000707364	0.0140873	2
0.0170093	0.0149395	-0.00254679	-0.020387	2
0.0133757	0.00942383	-0.000248188	0.016504	2
0.0113394	0.00877162	0.0079748	-0.00337652	2
0.0158154	0.00703662	0.010402	-0.0113901	2
0.0133739	-0.0150308	0.00973019	-0.00130764	2
0.0136196	-0.00191266	0.0126249	-0.0194736	2
0.0160568	0.00697417	0.00884303	-0.00511429	2
0.0102347	0.00229376	-0.00832893	-0.00356173	2
0.00971158	0.00615133	-0.0006237	-0.000833471	2
0.0184492	0.0105331	0.00348683	0.00539522	2
0.0146877	0.0112638	0.0160708	0.0171677	2
0.0139807	-0.00998407	-0.022697	0.011893	2
0.0217551	0.00748064	0.00759611	0.0102622	2
-0.00231771	0.00485144	-0.00154987	0.00752829	2
0.0132036	0.00420418	0.000419137	0.0188104	2
0.0198648	0.0155207	0.00815696	0.0070328	2
0.0217733	0.0107504	0.00609686	-0.00248456	2
0.0066739	-0.000225411	-0.0120925	0.00920301	2
0.0189036	0.0134748	0.00647997	-0.0143043	2
0.0101803	-0.00143003	0.00368294	0.0126364	2
0.0236207	0.0120496	0.00691781	-0.00192214	2
0.0177183	0.0109608	0.0121768	-0.0214138	2
0.0203971	0.00880367	-0.00318781	0.000109501	2
0.0195582	0.017385	0.00835468	-0.00984548	2
0.00215564	0.00468051	0.0036705	-0.0132561	2
0.0126671	0.000710215	0.00751817	-0.0169363	2
0.018499	0.0133564	0.00580063	-0.0170727	2
0.0196791	0.00493118	0.006278	-0.00214061	2
0.0216949	0.00512777	0.0052672	0.0053959	2
0.0170533	0.00718751	0.00779302	0.00207414	2
0.020829	0.00641629	0.00236561	0.00182803	2
0.00626238	-0.0115791	-0.0276954	-0.00844365	2
0.0102799	0.00279359	-0.00237045	-0.00722252	2
0.0124918	-0.0102773	-0.0191586	0.00757881	2
0.0179585	0.00766865	0.00862675	0.00574171	2
-0.00248083	0.00272828	-0.00122117	-0.00158963	2
0.0183656	0.00248838	0.0126875	0.00237436	2
0.0178946	0.0109556	0.00813682	-0.0168121	2
0.010555	-0.00413144	0.00569307	0.00326383	2
0.0129879	0.00600343	0.0059171	-0.00316066	2
0.0137308	0.0118275	0.00290342	0.00132773	2
0.0140451	0.00335251	0.00209932	-0.00209601	2
0.0173652	0.00620362	0.00634838	-0.0150225	2
0.0210535	0.0151117	0.00746007	-0.00406102	2
0.0173688	0.00963346	-0.00112446	-0.0030031	2
0.0138915	0.00842457	0.00629355	2.79E-06	2
-0.0199894	-0.000420989	0.00549732	0.00719873	2
0.0191281	0.00592745	0.000946183	0.0188716	2
0.0056519	-0.0187577	0.00465336	-0.00136373	2
0.0250203	0.00638438	0.0119388	0.00354245	2
0.00707627	0.00384415	-0.00885288	-0.0142703	2
0.0165245	0.000817386	-0.0040072	0.00451562	2
0.0101833	-0.00727251	0.000382281	-0.0113903	2
0.00934237	0.00617711	-0.00267756	0.0018844	2
0.0239313	0.00359819	-0.00414895	0.0175542	2
0.00905392	0.00498797	0.000916247	-0.00528244	2
0.00980939	0.00520757	0.000800725	-0.0240425	2
0.0082806	0.00326112	0.00265122	0.00788421	2
0.00490589	0.00357445	0.0107236	0.00792803	2
0.000614305	0.0035108	0.00728747	-0.0095477	2
0.0140372	0.00196867	0.00769546	-0.0124738	2
0.00605865	-0.0157176	-0.00382736	-0.00280217	2
0.00931539	-0.00413945	-0.00490199	0.00124359	2
0.00745367	-0.0014338	-0.00452485	0.0054466	2
-0.0134174	-7.31E-05	0.00777107	0.00311986	2
0.0170333	0.00887677	0.00408029	-0.0130156	2
0.0128629	0.00352758	-0.0019229	-0.00640979	2
0.00886065	0.00575243	-0.00292555	0.000806267	2
0.0237578	0.0121718	0.0146226	0.00380449	2
0.0233652	0.00627832	0.00911822	-0.00559048	2
0.0142046	0.00500863	0.000705513	-0.0019596	2
0.0159416	-0.000735356	0.00740033	-0.00646347	2
0.0192027	0.0072229	0.00351652	0.00856509	2
0.00915391	0.00126916	-0.00343072	0.00072687	2
-0.00298798	0.00338172	-0.00280822	-0.00826202	2
0.00831992	0.0057662	0.0041564	-0.00827818	2
0.0154615	0.0132985	0.0138428	0.00746554	2
0.0191661	0.00530594	-0.000557168	-0.00110383	2
-0.00460408	0.00462824	0.00673168	0.00267656	2
0.0183239	0.0166657	0.0127952	0.0220663	2
0.00911192	-0.0176756	0.00109776	0.0156521	2
-0.0115146	0.00433064	-0.00585002	0.00224301	2
0.0150743	0.00596062	0.00440922	-0.00562136	2
0.0154154	0.00634119	0.00839164	-0.0115463	2
0.0256473	0.0107457	0.0141447	0.0102188	2
0.012035	0.00471423	0.00485936	-0.0108049	2
0.0197913	0.0144817	0.0088655	0.0175338	2
0.0222243	0.0156736	0.0095322	-0.0040136	2
0.00241255	0.00320023	-0.00275536	-0.0193534	2
0.0231691	0.00993476	0.0103967	0.00747958	2
0.0106834	0.0041071	-0.000673084	0.0080184	2
0.0176657	-0.000479184	0.00953371	0.00843298	2
0.0150147	-0.00234959	-0.019524	0.0233798	2
0.0105462	0.00304956	-0.00134976	-0.0110162	2
0.00419653	-0.00206923	-0.00262183	0.00955828	2
0.0209881	0.00944475	0.00632262	-0.00662375	2
0.0224855	0.0145807	0.00015831	-0.00209985	2
0.0158356	0.00616998	0.00238335	0.00916709	2
0.00900688	-0.00903355	-0.0112105	-0.00851179	2
0.0152315	0.010088	-0.00428085	0.0111804	2
0.00559206	0.00119616	0.000676265	0.0108697	2
0.0188335	0.00950269	0.00417678	-0.00660308	2
0.0139891	0.00464293	-0.000866007	0.00809276	2
0.0113226	0.0051695	-0.000353916	0.000437252	2
0.00364793	0.00897387	0.00431139	0.00632191	2
0.00513101	0.00960726	-0.000414745	0.0157379	2
0.0156698	0.00887173	0.000596284	-0.0138531	2
0.0170805	0.000574158	0.00479773	-0.00302992	2
0.0167857	0.00503505	0.0104039	0.0125857	2
-0.0106043	-0.0107594	-0.00636093	-0.00457713	2
0.00988571	-0.00381981	-0.00791968	0.0115824	2
0.0149797	0.00530702	-0.00702562	0.0127389	2
-0.017116	0.00123513	-0.00929816	-0.00786198	2
0.0154158	0.0101438	0.0103816	0.00595306	2
0.0136573	0.00643132	0.00464661	-0.00149443	2
0.0205495	0.0115228	0.0013923	0.00166748	2
0.0174714	0.00509599	0.0049546	0.00724677	2
0.0144286	0.00400333	0.00329872	-0.000221011	2
0.0117336	0.000164235	-0.0157444	-0.00132968	2
0.015564	0.00502916	0.0105947	0.000109293	2
0.0134037	0.00307363	0.000952456	0.00416133	2
0.0194379	0.0114344	0.00622696	-0.00557375	2
0.0165844	0.00230702	0.0117633	-0.0145718	2
0.0142813	0.00663976	-0.00413204	0.00370361	2
-0.000184048	0.00176007	-0.00375972	-0.0083816	2
0.0206536	0.00544204	0.00639284	0.00309006	2
0.024941	0.0101637	0.00343724	0.00456594	2
-0.0114481	6.46E-05	-0.00121458	0.0129031	2
0.0167762	0.0127692	0.00654763	0.00964025	2
0.0129334	0.00175082	0.00242726	-0.0107993	2
0.00330997	-0.0187707	0.00823353	0.00685597	2
-0.00456414	0.00087796	0.000670909	0.00830094	2
0.00763608	-0.00181464	0.00243712	0.00291553	2
0.0179938	0.0119781	0.00594592	-0.00212008	2
0.011585	-0.00378111	0.00493019	0.000292082	2
0.0100533	-0.00274616	0.00669103	0.0123958	2
0.0118713	0.00339205	-0.00229728	-0.00590797	2
-0.00428055	0.00259127	0.000625433	0.00450105	2
0.0195118	0.0161663	-0.0028539	-0.0035573	2
0.0108138	0.00654133	-0.0063094	-0.00676103	2
0.00865723	-0.000775457	-0.000434244	0.00729372	2
0.0118591	0.00278068	-0.000981882	-0.00874611	2
0.00998796	0.00339716	0.00250295	0.00887437	2
0.00943698	-0.000294649	-0.00759171	0.00912558	2
0.0171709	0.00850628	0.00598311	-3.47E-05	2
0.00658371	-0.000752318	-0.00111164	-0.0210978	2
0.0182571	0.00428613	0.00151133	-0.00812598	2
0.0150894	0.0083593	-0.00316247	0.0187023	2
0.00129222	-0.00546121	-0.00285251	-0.0234601	2
0.00771809	-0.0137832	0.00922344	-0.017312	2
0.0198595	0.00864119	0.0074686	-0.00225232	2
0.0151279	-0.000254129	-0.00553002	-0.00743481	2
0.0155792	0.00401151	-0.00454329	0.0135474	2
0.0163358	0.00417502	-0.000390768	0.000356569	2
0.0230729	-0.00170675	-0.00373682	0.00259481	2
0.0149622	0.0061795	0.00923207	0.00353527	2
0.0191514	0.0124805	0.00636603	0.00979804	2
0.0167627	0.00631561	0.00824483	-0.00948262	2
0.0100964	0.00804418	-0.003002	0.00916645	2
0.0143163	0.00102217	0.0106871	0.00652507	2
0.0175787	0.00307337	0.00423372	0.00775072	2
0.0128947	0.00607968	0.0037962	-0.0131295	2
0.00653304	-0.00567243	-0.0174194	0.00815136	2
0.0213224	0.010593	0.005208	-0.0157886	2
0.00596058	0.000870677	-0.0104098	-0.0132464	2
0.0124227	0.00342015	-0.0016936	0.0100694	2
0.0200485	0.00988318	0.00697294	0.00248753	2
0.0188092	0.0112671	0.00640721	-0.0177304	2
0.00959915	0.00159488	-0.00129514	-0.00610986	2
0.00960072	-0.00640609	-0.0105509	0.0210176	2
0.0108511	-0.0144496	0.00463295	-0.00557179	2
0.00678641	0.00520914	-0.00512207	-0.00415888	2
0.0120057	0.00592575	0.00402258	0.00170718	2
0.0139897	0.00778602	0.00229771	0.00617042	2
0.00507999	-0.00452854	0.00380417	0.000326573	2
0.0145369	-0.00575075	-0.00655861	0.004274	2
0.00970811	0.00215224	-0.00265442	-0.0155728	2
0.0129391	0.00223064	0.00261934	0.00180174	2
0.0234166	0.00865181	0.00841453	-0.00332948	2
0.0180911	0.00501683	0.00324656	0.00624764	2
0.00626908	-0.00166637	-0.0105749	-0.00282749	2
0.019148	0.00193477	0.00459717	0.0145288	2
0.020663	0.0136723	0.0109518	-0.00947434	2
0.00170232	0.0083356	-0.000647432	0.00955468	2
0.0154698	0.00310201	-0.00879069	-0.0129045	2
-0.00307595	0.0111543	0.00322164	-0.0146	2
0.00678978	-0.0130902	-0.0172609	-0.0196197	2
0.00323132	-0.00942459	-0.00249271	0.000110308	2
0.00671517	0.00558401	-0.00410994	-0.00447529	2
0.0110624	-0.000106311	0.00479475	0.0113005	2
0.0153283	0.0149807	-0.000483514	-0.000699905	2
0.016841	0.00948343	0.00547957	-0.00880214	2
0.0148294	0.00686153	-0.00162035	0.0012469	2
0.0151342	0.0119086	7.54E-05	-0.0113012	2
0.0120099	0.0123413	0.00268944	-0.0179269	2
0.0143619	-0.00405523	-0.0155168	0.00215002	2
0.0074888	0.00312846	-0.0162415	0.00840654	2
0.0181861	0.00589325	0.00434945	0.0138127	2
0.0170675	0.0102517	-0.00315817	-0.0217769	2
0.0148293	0.00337268	-0.00132832	0.00596923	2
0.0247258	0.0115118	0.00537107	0.00473224	2
0.0106522	-0.00276408	0.00405246	-0.000705869	2
0.00321982	0.00193543	-0.00450386	0.00597755	2
0.0171628	0.00529424	0.000845017	0.00752809	2
0.0080866	-0.00250824	-0.00399862	-0.0177968	2
0.0112397	0.00912514	-0.00114045	-0.0187768	2
0.0059481	0.00152429	0.00469551	-0.0172492	2
0.0225645	0.0137444	0.00661092	0.00656458	2
0.0177036	0.00482764	0.00200684	-0.00102352	2
0.0144323	0.00481931	0.00359684	-0.0202574	2
0.0180517	0.000955924	0.00780979	-0.00868074	2
0.0216706	0.011837	0.0111794	0.00622648	2
0.0143932	0.00160622	-0.00342082	-0.00360643	2
0.0101556	-0.00417458	0.000839815	-0.0177438	2
0.0100223	-0.00313807	0.00293694	-0.0223859	2
0.0079922	-0.00294532	0.00323552	-0.00584841	2
0.0126132	0.00832894	0.00444635	-0.0296249	2
0.0202856	0.00554511	0.00145718	0.0191268	2
0.020183	0.00832257	0.0123537	0.00689363	2
0.016221	0.00950191	0.00419573	-0.0109357	2
0.0158266	0.0105063	0.00415725	0.0131731	2
0.00857217	0.00157825	-0.00215412	0.00586234	2
0.0243938	0.00650248	0.00483444	0.00513746	2
-0.00256805	0.00139764	0.00176913	-0.00540867	2
0.0126038	0.00643072	-0.0101327	-0.00276632	2
-0.0138695	0.0117521	-0.0032756	0.00930977	2
0.0197288	0.00334836	0.00857063	-0.000390571	2
0.0212448	0.00241792	0.0128514	-0.00662774	2
0.014042	0.00603512	0.0105063	0.00482894	2
0.00959235	0.0100412	-0.00065006	0.0165138	2
-0.00923132	0.00857174	0.00397701	-0.00793528	2
0.00996441	0.00294	0.000565997	0.00611247	2
0.00397082	0.00199781	-0.00972531	-0.00414956	2
0.0191098	0.0119685	-0.000233059	-0.00543555	2
0.0155499	0.00672325	0.00936233	-0.014251	2
0.02514	0.00893901	0.00257157	0.0178827	2
0.0123903	0.00234938	0.00126578	0.00274406	2
0.0245736	0.00939512	0.0023607	-0.00449942	2
0.0105482	0.00336192	0.0105075	0.00334419	2
-0.0087928	0.00704359	-0.00119658	-0.00554527	2
0.0164816	0.0080454	0.000581764	0.000220998	2
0.0130342	0.00256212	-0.00454603	-0.00436745	2
0.0265315	0.0131265	0.00440757	0.0155937	2
0.0111107	0.000491689	0.0060134	-0.00103576	2
0.0111491	0.000753362	0.00180588	-0.00343315	2
0.012412	0.00168706	0.000856191	-0.00107158	2
0.0210031	0.00870783	-0.00298075	-0.000880705	2
0.0168271	0.0135843	0.00105014	0.00260039	2
0.0140436	0.00369847	-0.00657039	0.0167844	2
0.0073003	0.000131974	-0.00408503	0.000591253	2
0.0168366	0.00548685	-0.00751335	0.00618265	2
0.00659824	-0.001219	-0.00447188	0.00388641	2
0.0169128	-0.00500489	0.00024324	-0.0102753	2
0.0223136	0.00641346	0.0107218	-0.0168966	2
0.0112891	-0.000998934	-0.00967605	-0.00752303	2
0.00413218	0.00462329	-0.00968586	-0.0130258	2
0.00554662	-0.0011883	-0.00735436	0.0095668	2
0.0202051	0.00977467	0.000492566	-0.0156827	2
0.0139102	0.00984501	0.00362363	-0.0109661	2
0.0131733	0.0115126	0.00712929	0.00903636	2
0.0206551	0.00965042	0.00885201	0.00131213	2
0.0172266	0.0109716	0.0059248	-0.00199546	2
0.00175177	0.00544532	0.000863415	0.0051515	2
0.0187295	0.00811164	0.0139398	0.00570364	2
0.0115196	0.00282167	0.00500666	0.00352092	2
0.0123557	0.00277058	0.00154769	0.0021754	2
0.0058023	0.00350086	0.00500592	0.00407773	2
-0.00229852	-0.00281309	-0.00479589	-0.0203113	2
-0.0024964	0.0133898	0.0129721	0.0178203	2
0.0188463	0.0028139	0.00867332	0.0066236	2
0.0142607	0.00517126	0.00126868	0.0155437	2
0.0128017	0.00353431	0.00118042	-0.00363081	2
0.0132449	0.00229401	-0.00462355	0.00325443	2
0.0265792	0.0114049	0.00062961	0.00300653	2
-0.00843829	0.000255419	-0.00536503	0.0126447	2
0.0200222	0.0107537	0.00667027	0.000601369	2
0.0132011	-0.00966963	0.00746718	0.00757061	2
0.0106407	-0.0218932	-0.00761866	0.00655724	2
0.0136427	-0.00842452	-0.0149616	0.00671199	2
-0.0239493	-0.00788455	0.00747148	-0.00484077	2
0.0193876	0.0101763	0.00528636	0.00548247	2
0.0142502	0.00108498	-0.00556271	0.00456552	2
0.0112343	0.000651244	-0.0186888	0.0178435	2
0.0225452	0.0106353	0.00768747	0.00756491	2
0.022061	0.0129713	0.00662807	-0.012503	2
0.0160302	0.00968946	0.00322167	0.00815982	2
-0.000354299	-0.00822043	0.00545911	0.00120762	2
0.0119835	-0.00045491	0.011311	0.0022427	2
0.0163922	0.00438586	0.00822038	0.00790014	2
0.0179533	0.00486658	0.00448658	0.00683805	2
0.0163679	0.00736473	0.00539375	0.014064	2
0.0142437	-0.00430952	0.00572694	-0.00397664	2
0.013055	-0.0179475	-0.016976	0.00518633	2
0.0116922	0.0112196	-0.00429705	-5.31E-05	2
0.0182384	-0.000990395	0.0133032	-0.00262162	2
0.0167794	0.00826869	0.0103183	0.00423211	2
0.016026	0.00834624	-0.000490294	0.0165493	2
0.021405	0.0108337	0.00683906	0.00730182	2
0.0146346	0.0030127	0.00342971	0.00823448	2
0.000164231	-0.0131069	-0.00475777	0.000904721	2
0.0211448	0.00577626	0.00956284	-0.00413707	2
0.00676958	-0.00525228	-0.0170394	0.0151857	2
0.00928453	0.00605212	-0.000921412	-0.00213449	2
0.00930004	-0.002848	0.00148716	-0.00235873	2
0.0163019	0.00727878	-0.0140641	0.000441993	2
0.0175801	0.0133966	0.00778002	-0.0121475	2
0.0155378	0.00157723	0.00842078	0.00135146	2
0.0140901	-0.00399358	-0.000175538	0.00161554	2
0.0142915	0.00156253	-0.00105995	0.00153622	2
0.0115642	-0.0150568	-0.00931199	-0.00568907	2
0.0133541	0.00817586	0.0122302	-0.014919	2
0.02055	0.00863755	0.00449814	0.00858962	2
0.0104329	0.00017735	0.000706285	-0.00235827	2
0.0152873	0.00917224	0.00326164	0.0118286	2
0.0118112	-0.00639908	0.0058863	-0.00063611	2
0.00632048	0.00109882	-0.00120623	-0.0101432	2
-0.00284046	-0.0133871	-0.00985378	-0.00968757	2
0.0203121	-0.00543934	0.00479126	-0.00925086	2
0.0130239	0.00234089	0.00848634	0.00267235	2
0.0145589	0.00114685	0.00756979	-0.00579751	2
0.0210033	0.00556917	0.00378488	-0.00214446	2
-0.00980207	0.00159634	-0.0127009	-0.00956211	2
0.00933956	0.0061186	6.06E-05	-0.00758364	2
0.0146633	-0.000849041	0.000210006	-0.00223565	2
-0.00959378	0.00541785	0.00676514	0.00390432	2
0.0141455	-0.000737691	-0.00389095	-0.00575773	2
-0.00132225	0.0086074	0.00670808	0.00638651	2
0.0229273	0.0130748	0.0124029	-0.00834541	2
0.015861	0.00395757	0.0077683	-0.000792865	2
0.0173794	0.00938271	0.00804777	-0.0027068	2
0.00920993	-0.00269007	0.00724628	0.00327654	2
0.00611829	0.00416106	0.00563505	-0.0222503	2
0.00965066	-0.00169713	0.00943095	0.00404257	2
0.0188365	0.00651149	-1.77E-05	0.0138176	2
0.00778245	-0.0017302	0.00349902	0.0049334	2
0.0225629	0.010648	0.0153354	0.00806114	2
0.0172217	0.00995245	-0.00162925	-0.00540988	2
0.0159805	0.00568126	0.00641292	-0.0109652	2
0.0123713	-0.00161222	0.00502125	0.006703	2
0.017754	-0.00421789	-0.0190457	0.00634862	2
0.00838387	0.00409261	-0.00238932	0.0104363	2
0.0212707	0.0077656	0.00726395	-0.0115242	2
0.0199525	0.00868015	0.0115425	-0.00180642	2
-0.00373576	0.004489	0.00365888	-0.000985847	2
-0.0280919	-0.00197987	0.00507169	-0.000242787	2
0.0112418	-0.0154103	0.00966515	-0.00457416	2
0.0220554	0.0148506	0.00980157	-0.00842269	2
0.0127219	0.00564053	0.0034587	-0.00789774	2
0.00897849	0.00756452	0.0109098	-0.00580486	2
0.0231079	0.00517689	0.00631353	-0.00542913	2
0.0113129	0.0026283	0.00210498	-0.00438254	2
0.0146228	0.00589208	0.00781465	0.00131553	2
0.0201305	0.0133584	0.0080719	0.000802629	2
0.0191855	0.00706969	0.00628929	0.00018242	2
0.0034538	-0.00173415	-0.00794149	-0.014889	2
-0.0015684	0.00460746	-0.0023103	0.0113377	2
0.0187446	0.00564804	0.0078556	0.00278922	2
0.00750974	-0.0198595	0.00833535	-0.00890382	2
0.0149198	0.00368235	-0.00135037	0.00268191	2
0.0110283	0.00470035	-0.00496124	-0.00879376	2
0.0154209	-0.00202904	-0.00106302	-0.00821745	2
0.0136861	0.00276575	0.00329824	0.00361481	2
0.0193256	0.00329779	0.0026758	0.00248341	2
0.0199142	0.0171531	8.61E-05	0.0087901	2
0.0167188	0.00359835	0.00322607	0.00721487	2
0.0178634	0.00583247	0.00818391	-0.00325734	2
0.0189527	0.01021	0.000963409	0.00329265	2
0.015119	0.000551671	-0.0118639	-0.00252397	2
-0.0175399	0.00665742	0.00278272	0.0150083	2
-0.0326942	0.0069592	0.00203491	0.0168933	2
0.0166991	0.021164	0.0067979	0.00731066	2
0.00379673	0.00135834	0.00545704	0.000800057	2
0.00931827	-0.000386107	-0.00367466	0.00687309	2
0.0181411	0.00511416	0.00873614	-0.00699359	2
0.0229538	0.0172793	0.0164386	0.00794753	2
0.0138948	0.0082777	0.0119101	-0.00348109	2
-0.0112539	-0.00227246	-0.00170231	0.00146969	2
-0.00593977	0.00901167	-0.00337823	0.0196718	2
0.00950336	0.00518188	-0.00016724	-0.0138584	2
0.0128368	0.0011264	-0.00227164	-0.00951553	2
0.0103128	-0.00563105	-0.0153007	0.0200184	2
0.0111906	0.00444576	0.000830897	-0.00205688	2
0.00324355	-0.0087304	-0.0152859	-0.000901534	2
0.0109876	0.0063152	0.0102112	-0.0139324	2
0.0195578	0.0132626	0.00367631	0.0115834	2
0.0171382	0.010295	-0.00166039	0.00118768	2
0.014523	0.000587601	0.00837804	0.0014658	2
0.0204741	0.00676327	0.00195651	0.0102615	2
0.0171701	0.0012445	0.00179141	-0.00120489	2
0.00862507	-0.00255566	-0.00702729	-0.00714577	2
0.0212299	0.00786211	0.0090682	0.00900923	2
0.000896617	-0.00701595	-0.0180219	0.00428987	2
0.0162143	0.00593152	-0.00101209	-0.00654331	2
0.016288	0.00720996	0.00254447	-0.0033649	2
0.0147552	0.00795348	0.00288621	0.0119286	2
0.0148049	0.00544281	0.0078723	-0.000158107	2
-0.012653	0.00327862	-0.0140571	-0.0281984	2
0.0147058	-0.000597815	-0.0166125	0.00182162	2
0.00673127	0.00252141	0.00556582	0.00166694	2
0.0180557	0.000403584	0.00479043	-0.00488973	2
0.015129	-0.00222561	0.00868804	0.0161439	2
0.00606588	0.00394064	0.00956033	-0.00973223	2
0.00993779	0.0019305	0.00274305	-0.00200156	2
-0.017545	0.00658351	0.00989141	0.0116248	2
0.0232537	0.0131435	0.00581269	0.00778584	2
0.0200767	0.00989852	0.0110998	0.014473	2
0.0265622	0.0137662	0.0038236	0.00179235	2
0.0110672	0.0120369	0.00438681	-0.00364595	2
0.000735544	-0.00576785	-0.0166787	-0.0128954	2
-0.023804	0.00405151	0.00424338	0.0097449	2
0.012729	0.0145901	0.00475853	-0.011911	2
0.0182727	0.00698984	-0.000962801	0.0128264	2
0.0181959	0.00750488	0.00407053	-0.00228769	2
0.010638	-0.00154836	8.82E-05	0.00116519	2
0.0101887	0.00807557	-0.00787792	-0.0190151	2
0.0161534	0.0088789	0.0044943	0.00261969	2
-0.00995269	-0.00218668	-0.00262908	0.000329866	2
0.0215384	0.0130547	0.00909009	-0.017843	2
0.0199187	0.00615469	-0.00458296	0.0164341	2
0.00905539	-0.00629036	0.00423754	0.0135988	2
0.0148802	0.00580671	0.00326964	-0.00494061	2
0.0133912	0.00892068	0.00129599	-0.0193665	2
0.00933008	0.000776334	-0.0169642	-0.0135948	2
0.0157875	0.00282073	0.000386005	-0.00155381	2
0.013859	0.000712404	0.00450108	-0.00909522	2
0.0163606	0.00431355	0.00545584	-0.00978573	2
-0.00821539	0.000488811	0.00206629	0.00871957	2
0.0137841	0.00899113	0.00536267	0.00728597	2
0.0147911	0.00595595	0.00249218	0.00756516	2
0.0151488	0.0100477	0.00802627	0.0124255	2
0.0144796	0.000978747	-0.00738492	0.0120366	2
0.0167121	0.0092016	0.00598512	0.00133274	2
0.0187024	0.0134796	0.00988539	-0.0143022	2
-0.00400948	-0.00216894	0.0070309	0.00289837	2
0.0204816	0.00691778	0.0104483	0.00206204	2
0.0220514	0.00770981	0.0021258	0.00648417	2
0.00988924	-0.00162761	0.00322647	-0.00249726	2
0.00780188	-0.00879597	-0.00905734	0.0115698	2
0.0168256	0.00155556	-0.000268076	0.00365456	2
0.0165568	0.0034551	0.00738964	-0.00107828	2
0.0104219	0.00303244	-0.00659208	0.00107011	2
0.0221237	0.0107681	0.00568258	0.0025682	2
0.020857	0.0143354	0.00270937	0.00466845	2
0.0131452	-0.00657713	-0.00213845	-0.00517347	2
0.015059	0.0110143	0.0118288	0.00778547	2
0.00692528	-0.00829014	-0.0116322	-0.00400042	2
0.0119037	-0.0112537	0.00821443	-0.00731232	2
0.0195574	0.00862034	0.0115799	0.0123616	2
0.0139889	0.00145995	0.00559507	-0.00715882	2
0.0190099	0.00604614	0.00222821	0.0170105	2
0.00992652	0.00412618	0.00177836	-0.00844107	2
0.0108567	-0.00263167	-0.00135995	0.00177954	2
0.0240856	0.00419783	0.00822857	-0.00157711	2
0.00945364	-0.0056431	0.0027204	-0.00044705	2
0.00843246	-0.00164726	0.00786322	-0.00633211	2
-0.00907738	0.0075696	0.00381249	-0.0267674	2
-0.00628454	0.00365538	0.00204741	-0.00672709	2
0.0103749	0.000681103	-0.00220119	0.00237221	2
0.0167089	0.00741038	0.00495071	0.019554	2
0.0216663	0.00979074	0.00755357	-0.00547785	2
0.011002	-0.00243146	0.00423209	0.00741507	2
0.00436693	-0.00310372	-0.00273599	-0.00791736	2
0.0162173	0.00693197	0.00769466	0.0112978	2
0.00311718	0.00859864	0.0066581	0.0167415	2
0.0183247	0.00706484	0.00544212	-0.00305453	2
0.0119709	-0.000711614	-0.00120041	-0.00338563	2
0.0086891	-0.00614485	0.000454458	0.00596215	2
0.0234488	0.00996359	0.0081523	0.00109055	2
0.0183717	0.00458191	0.00639393	0.011184	2
0.0149294	-0.00292535	0.00624558	0.00143785	2
-0.0125097	-0.00058364	-0.005054	0.0154151	2
0.00717696	-0.00439776	-0.00364722	0.0113066	2
0.0183386	0.0052563	0.0085784	-0.00926619	2
0.0188189	0.0121243	0.0112039	-0.00274374	2
0.0103131	0.000249818	0.00324179	-0.0179234	2
0.0178732	0.0156575	0.00285896	-0.00969026	2
0.0143956	0.00814501	0.00491324	-0.00655486	2
0.0205139	0.0118671	0.0096334	0.00203583	2
0.0108459	0.00771641	0.00742101	-0.0192407	2
0.0195605	0.0147868	0.00116372	0.00220421	2
0.00249192	0.0121007	0.0137591	0.0149448	2
0.00473872	0.00466474	-0.00138182	-0.0100842	2
0.00862011	-0.0103161	-0.00591607	-0.00193741	2
0.0130085	-0.0059706	0.00783084	-0.018995	2
0.0205397	0.0149075	0.00591851	-0.0128827	2
0.0145821	0.0105424	0.00449711	0.0171585	2
0.0247676	0.0173293	0.0119988	-0.00255895	2
0.0068153	-0.00711043	-0.0128814	0.00654079	2
0.00641986	-0.00579533	-8.00E-05	-0.0170444	2
0.0237268	0.0179118	0.00459767	0.00765126	2
0.0194274	0.00250156	0.00565106	-0.00850344	2
0.015935	0.0105874	0.00626002	-0.000240317	2
0.0108623	0.00374687	-0.00937311	0.011134	2
-0.00649751	0.00808204	-0.00509689	0.00548998	2
0.00682955	0.00283175	0.00141647	-0.00359488	2
0.0131881	0.00804376	-0.0019985	-0.00385515	2
0.0189179	0.00994828	0.00719037	-0.00308992	2
0.0195944	0.0130957	0.00599172	0.0247903	2
0.0129911	-0.004425	-0.0074157	0.00107307	2
0.0232649	0.0172369	0.0037981	-0.00388291	2
0.00306174	0.00842242	-0.0120007	-0.0001519	2
0.0175517	0.00182235	0.0144956	-0.00479184	2
0.0113435	0.00441135	-0.00430624	0.0106947	2
0.0152977	0.00507897	0.00590812	-0.00371936	2
0.0144629	0.00381887	0.00732779	-0.00625287	2
0.0131173	-0.00131776	0.0116503	0.00774276	2
-0.0132677	-0.00252039	-0.000706458	-0.00301015	2
0.021252	0.0110936	0.00569071	-0.00384971	2
0.00170386	-0.0127261	-0.030327	-0.00235883	2
0.0143582	0.0145083	0.00890609	-0.0092942	2
0.0218765	0.00551879	0.00571883	-0.00258365	2
0.0120326	-0.000105898	0.0084525	-0.00150273	2
0.0132891	0.000567406	-0.0132802	0.0198909	2
0.014208	-0.0105118	0.00843765	-0.0106831	2
0.0206719	0.00816779	-0.000292809	0.00570831	2
-0.0006574	-0.0118671	-0.0196105	-0.0120294	2
-0.000366019	-0.00159463	-0.00631213	0.00240033	2
0.0221868	0.00551938	0.00615976	-0.00455923	2
0.0233929	0.0153787	0.0115895	0.0132999	2
0.0128271	0.00455469	0.00779287	0.0144967	2
0.0020244	0.00839706	0.00603459	0.00784926	2
0.0126143	0.00109589	0.00455574	0.00397949	2
0.0189284	0.00465758	0.00152427	0.000268533	2
0.0029959	0.00882045	0.00344059	-0.0133183	2
0.0184777	0.00575755	0.0014032	-0.00529463	2
0.006888	-0.00414198	-0.0112073	-0.0143173	2
0.0118121	0.000531719	-0.00211002	-0.00577571	2
0.0108303	0.0162403	0.00613837	0.00690808	2
0.0179293	0.00683579	0.00731652	0.0117283	2
0.0137358	0.00623548	0.00343969	0.0119315	2
0.0121936	-0.00322951	-0.017935	0.00430776	2
0.0123641	-0.0107956	-0.0147927	-0.0173031	2
0.0136383	0.000889064	-0.0135564	-0.000259409	2
0.00611066	-0.0173838	-0.0257883	-0.00989451	2
0.0188271	0.00441311	0.0119455	-0.00563761	2
0.0202426	0.0113802	0.00615606	0.00878197	2
0.022566	0.0121453	0.00673996	0.0139318	2
0.0135547	0.00933963	0.00195253	-0.00404059	2
0.0256654	0.0169208	0.00335672	0.0213095	2
0.02089	0.0100152	0.00534311	-0.0025009	2
0.01292	0.00135761	-0.0231879	-0.0139751	2
0.00812415	-0.00856903	-0.00543181	0.00868399	2
0.0180269	0.0069523	0.00507111	-0.0140296	2
0.0127429	0.00538254	-0.00910919	-0.0143218	2
0.0181586	0.0082951	0.00806149	-0.00328786	2
0.0221215	0.00311256	-0.00417277	-0.0120601	2
0.00639391	-0.00638292	-0.00448586	0.0138548	2
0.0180229	0.00200733	0.00613193	0.0084686	2
0.0186267	0.00835065	-0.00333333	-0.00731404	2
0.0159334	-0.00182713	-0.00893959	-0.000652201	2
0.00227832	0.00384591	-0.00749183	-0.00186544	2
0.0193802	0.0056365	0.00902657	-0.000402694	2
0.019304	0.0168494	0.00621498	-0.0186838	2
0.0153712	-0.000622778	0.00593574	0.000426994	2
0.00951589	-0.0111877	0.0038309	-0.00750864	2
0.0188158	0.0142971	0.00883876	-0.0050323	2
0.0185426	0.00653665	0.00312049	0.00677234	2
-0.0114433	0.00171231	-0.00312287	0.00767003	2
0.00912136	-0.0079683	-0.00466082	0.00858487	2
0.0148728	0.00989885	0.00943585	0.0101153	2
0.0263402	0.0110395	0.00463402	0.00580743	2
-0.000831672	-0.00355291	-0.0113238	0.00341915	2
0.0103454	0.00260484	7.74E-05	0.00526992	2
0.015583	0.0119148	0.0127884	0.0175845	2
0.0157103	0.00793277	0.00371344	0.0118297	2
-0.00495438	0.00256481	-0.00643751	-0.0221028	2
-0.00158548	-0.0221042	-0.00730791	-0.00535818	2
-0.00251717	0.00694323	0.00663255	-0.000697866	2
0.0232811	-0.00144299	-0.00109044	-0.00437776	2
0.0119405	0.0113458	0.00857217	-0.0134375	2
0.0107608	0.00617251	0.00297153	-0.00232408	2
0.0171171	0.00432941	0.000883812	-0.00571347	2
0.0133489	-0.00380577	-0.00508222	0.00542511	2
0.0246674	0.00988066	0.00837879	-0.00795288	2
0.0113207	0.00213552	-0.011772	0.00549975	2
0.00662793	0.00186348	0.0076673	-0.00173895	2
0.00657036	0.00542023	-0.0111361	-0.0157236	2
0.0158251	0.00761561	0.00577661	0.00308305	2
0.0187235	0.00546381	-0.000348288	-0.000472292	2
0.00930185	-0.00962668	-0.0258804	0.00614505	2
0.0238486	0.0201601	0.00415248	-0.00161622	2
0.0221266	0.0133464	0.00114459	0.00964727	2
0.0264946	0.00885132	0.00600508	0.00265524	2
0.0095749	0.0123246	0.00399368	0.0154633	2
0.00986921	0.00213727	-0.00117139	0.00783821	2
0.0257743	0.0162608	0.00682544	-0.00448504	2
0.0141696	0.00624573	-0.00291016	0.00678333	2
0.0217659	0.00646036	0.00104028	-0.00663615	2
0.0153192	0.00253431	0.0135543	-0.0112876	2
0.0222179	0.010964	0.00423761	-4.35E-05	2
0.0138856	0.00765367	0.0104667	0.0147362	2
0.0172454	0.00414208	-0.00308293	-0.0182363	2
0.0159606	0.0100583	0.0045509	0.0011805	2
0.0156129	0.00463898	0.00356739	-0.00766062	2
0.0242904	0.00467895	0.00478707	-0.00233136	2
0.0165371	0.0112229	0.00652656	0.0195043	2
0.0182358	0.00976504	0.00924262	-0.00130454	2
0.0222585	0.000875452	-0.0080025	0.00210489	2
0.00986901	0.00597086	0.00277764	0.0023066	2
0.0167198	0.00977683	0.00848681	-0.00143961	2
0.0179991	0.00121861	-0.00185439	-0.0049918	2
-0.00233168	-0.00534111	-0.0232026	-0.0113272	2
0.0128666	0.0107369	0.00169551	-0.0104341	2
0.0178272	0.0178694	0.0115846	-0.00742438	2
0.0219508	0.0125551	0.0169428	0.0101024	2
0.017761	0.00401698	0.00611047	-0.00473628	2
0.00665432	-0.00320376	-0.00204278	0.0101489	2
0.0128514	0.00329997	0.00959774	0.00323304	2
-0.013989	0.00627902	0.00722779	0.0102216	2
0.0168267	0.0109747	0.0104255	0.00456577	2
-0.0056618	0.00497663	0.00160989	0.0026489	2
0.0120552	0.000357409	-0.000649725	-0.0027906	2
0.0139066	0.0111262	0.00254564	0.00837922	2
0.0215809	0.00944758	0.00663912	0.0144235	2
0.0220916	0.0103907	0.0041728	-0.00744123	2
0.0155343	-0.00667724	0.00366148	0.00276269	2
0.00783135	-0.000666788	5.31E-05	0.00275266	2
0.0049839	0.00289938	0.00270312	-0.00802846	2
0.0172925	0.00997682	0.00861452	0.00724302	2
0.0112924	0.00464224	0.00453034	-0.0255188	2
0.00189301	-0.00136825	0.00138122	-0.00865137	2
0.0206809	0.00815615	0.00763285	-0.0122959	2
0.0218178	0.00324642	-0.00247487	0.00134385	2
0.00914553	2.24E-05	0.00602618	-0.00998207	2
0.00328059	0.00434258	-0.00274529	0.00582841	2
0.0233743	0.00439883	0.00320707	-0.0041182	2
0.0128687	0.00867483	-0.000771561	-0.00458651	2
0.0137676	-0.00333828	0.00632488	0.00158672	2
0.00828541	-0.00873718	-0.000835884	-0.0107444	2
0.0120566	-0.0079153	-0.00468092	-0.00730384	2
0.0161112	0.00679149	-0.00449243	-0.00352033	2
0.0220829	0.0133912	0.00381946	-0.00678159	2
0.00861491	0.00222845	-0.00309022	-0.0135454	2
0.0159381	0.00570528	0.00664764	-0.000634797	2
0.0108044	0.0103763	0.00812937	-0.00513886	2
0.0176092	0.00882202	0.00570869	-0.000778513	2
0.0141924	0.00983915	0.00752782	-0.021106	2
0.00779638	-0.00740791	-0.0161642	-0.00426648	2
0.0071354	0.00364963	0.00750518	0.00816977	2
0.00790408	-0.00479704	-0.00511517	0.00181858	2
0.0117672	0.0132958	0.00710407	-0.0164045	2
0.0104393	0.00288006	0.00026599	0.00571612	2
0.0154965	-0.00294622	-0.0115331	-0.00125343	2
-0.00856857	-0.000807562	0.00274879	-0.0196503	4
-0.0178658	0.00594253	0.000550508	-0.00964472	4
0.0019037	-0.0122494	-0.00454255	-0.00780522	4
-0.00108074	-0.00259552	-0.00321918	-0.00875301	4
0.00302699	-0.0149715	0.00104674	0.000804422	4
0.00189295	-0.00358443	0.000845175	-0.00965182	4
0.000299535	0.00922896	0.00115799	0.00364372	4
0.0120445	0.00054497	-0.0124247	-0.0155642	4
-0.0169545	-0.00348671	-0.00651292	-0.00609595	4
-0.00130304	-0.00383357	-0.0118322	0.00283357	4
-0.011352	-0.00369736	-0.00344537	0.00140053	4
-0.0123062	-0.00963087	-0.00193698	-0.00102231	4
-0.0164829	0.000675391	0.000746126	0.019278	4
0.00721168	0.00214985	0.00638746	0.00167299	4
0.0124196	-0.000982552	0.00567975	0.00527808	4
0.00671828	-0.0165027	-0.00299367	0.0040453	4
0.013156	-0.00997139	-0.000675037	0.0051908	4
0.00775083	-0.00945971	-0.00228337	-0.0143851	4
0.0159445	-0.00835588	0.00445504	0.017394	4
0.00653531	-0.00239312	-0.0124174	0.0112815	4
-0.013244	-0.00769805	0.00477053	-0.000418432	4
0.00297708	-0.00576111	-0.000602297	0.0033832	4
-0.0015073	0.00397038	-0.00296676	0.00317111	4
0.000392181	-0.0108913	-0.0132364	-0.00294661	4
0.00836581	-0.0110348	-0.0324679	0.0124716	3
0.00435979	-0.00558522	-0.00656928	0.00690777	3
0.00761899	-0.0135867	-0.0493143	-0.00496776	3
-0.00556879	-0.0160217	-0.00816555	0.00118806	3
0.00387071	-0.0134342	-0.0178132	0.00587452	3
0.00329946	-0.00881581	-0.020395	0.00198235	3
0.00768665	-0.0105162	-0.0170328	-0.00986024	3
0.0127696	-0.00459552	0.00120165	-0.0124663	3
0.00279231	-0.00817469	-0.00653468	0.0134752	3
0.0129299	0.00346896	0.00378214	0.00671366	3
-0.0072787	-0.0062064	-0.00915715	0.00246192	3
0.00601004	-0.012676	-0.0294782	0.00390892	3
0.00377221	-0.0140772	-0.026712	0.00638342	3
0.019301	0.0115407	-0.000212781	-0.0149581	3
0.00490947	-0.0214984	-0.0295293	-0.0149054	3
0.00711155	-0.019082	-0.036316	0.0134929	3
0.00131289	-0.0133872	-0.0179947	0.00301586	3
0.0112721	-1.78E-05	-0.0120656	-0.00586064	3
0.00491112	-0.00824144	-0.0160142	-0.0227756	3
0.00422689	-0.0196938	-0.0290392	0.00178552	3
0.00382902	-0.0144539	-0.0206028	0.00514084	3
0.00348256	-0.00548469	-0.0240885	-0.019231	3
-0.0124033	-0.00849509	-0.0104438	0.000429799	3
0.0080426	-0.00780506	-0.0216527	-0.0234401	3
0.00911126	-0.00626577	-0.0175454	0.0112812	3
0.00549126	-0.00539151	-0.0127716	0.0131762	3
0.00464601	-0.00631689	-0.010499	-0.0101231	3
0.0184066	-0.00399137	-0.014084	-0.00896727	3
0.0167581	0.00921225	0.00837898	0.00508481	3
0.00176099	-0.00587597	-0.0190324	0.00512611	3
-0.0132595	0.00123679	-0.0139989	-0.00884456	3
0.00647509	-0.000939365	-0.0141847	-0.00798246	3
0.0193801	0.0064296	0.0120567	0.00115194	3
0.00539824	-0.0169449	-0.0311184	-0.00118641	3
0.014013	0.000158826	-0.0152928	-0.00149035	3
0.00910657	-0.00461676	-0.00801439	-0.00164553	3
0.00612482	-0.00735339	-0.0175122	-0.00166285	3
-0.000681657	-0.0162078	-0.0349348	-0.00653239	3
0.011281	-0.0182955	-0.0234618	-0.00652926	3
0.0116822	-0.0104743	-0.0149115	0.000405255	3
0.0091301	-0.00769335	-0.0271647	0.0171202	3
0.0108832	-0.00783832	-0.00819051	-0.0066096	3
-0.00380481	-0.00545853	-0.0158105	0.00115889	3
-0.00673359	-0.00413703	-0.0161027	-0.00557297	3
0.0129632	0.000356602	-0.00291702	-0.00988996	3
0.0138602	0.00432299	-0.0082581	-0.0128167	3
0.00944169	-0.0018908	-0.00715179	0.0107234	3
0.00567054	-0.0150452	-0.0303042	0.00980466	3
-0.0016765	-0.00281953	-0.0274501	-0.00470361	3
0.00818519	0.000272569	-0.0115765	0.0157533	3
-0.00351054	-0.00620765	-0.0212264	0.0104489	3
0.00694423	-0.0156137	-0.0394695	-0.00831004	3
0.00331637	-0.0134557	-0.0173394	0.00146316	3
0.00867254	-0.0127325	-0.0289693	0.0106185	3
0.00810488	-0.0223042	-0.0123262	0.0133083	3
0.0120123	-0.012043	-0.0283061	-0.00105848	3
0.00358704	-0.0161421	-0.0255345	-0.0113899	3
-0.00120289	-0.0156173	-0.019906	-0.000438523	3
0.0088289	-0.00857737	-0.0269613	-0.00931933	3
0.0118469	-0.0038187	-0.0176399	-0.00243156	3
0.00101114	-0.00781725	-0.0280479	-0.002706	3
0.0133816	-0.000412429	-0.00807379	0.0163553	3
0.0142982	-0.00491933	-0.00399281	0.00780273	3
0.00475486	-0.00106327	0.00410847	-0.0104521	3
0.0198607	2.63E-05	-0.0117735	0.014531	3
-0.00963	-0.0053948	-0.0188625	0.00035446	3
0.0164336	-0.00226969	-0.0112823	0.0057858	3
0.00137753	-0.00102192	-0.0124506	0.00968756	3
0.00242462	-0.0133203	-0.0373713	0.010465	3
0.00307348	-0.0142121	-0.00675354	-0.0100344	3
0.00670413	-0.0122232	-0.0220811	0.0134372	3
0.0095699	-0.00804383	-0.0114363	0.0212927	3
0.00833478	-0.00604359	-0.015993	-0.0170629	3
0.0165221	0.0156429	0.0133698	-0.00532182	3
0.00210026	-0.0144284	-0.0192885	0.00748154	3
0.00918774	0.00127332	-0.0154222	0.00108617	3
0.00414255	-0.0114651	-0.0100374	0.00622339	3
0.00420484	-0.0180176	-0.0297781	0.00627771	3
-0.000592615	-0.00927849	-0.0230278	0.0054518	3
0.010851	-0.00672528	-0.0109576	0.00261155	3
-3.39E-05	-0.0102309	-0.0193044	-0.00382572	3
0.00610417	-0.00726622	-0.0231266	0.00704725	3
0.00439197	-0.0163882	-0.0277175	0.000264236	3
0.00386827	-0.0189191	-0.0333708	0.00572974	3
0.0156779	0.00469279	-0.00543778	0.0154065	3
0.011214	-0.0120821	-0.0186257	0.00925035	3
-0.00380529	-0.0114145	-0.0193182	-0.00859669	3
-0.00299789	-0.00458875	-0.00628374	-0.00713176	3
0.0113476	-0.0102117	-0.027621	-0.00266813	3
0.00629009	-0.0168808	-0.0312015	0.00490823	3
0.0135332	-0.0034676	-0.00564643	0.0014928	3
0.00951447	-0.0133305	-0.0220009	0.0196344	3
0.0119342	0.00506694	-0.00815269	-0.00373433	3
0.00811789	-0.00191606	-0.0106667	-0.00358184	3
0.00187619	-0.0192688	-0.0322731	0.0022618	3
0.00464398	-0.0169108	-0.038505	0.0122493	3
0.00370009	-0.00986502	-0.03539	-0.0160119	3
0.00011553	-0.0095085	-0.0201034	0.00169663	3
0.00930298	-0.00722606	-0.00381306	-0.0162977	3
0.0121086	-0.00359107	-0.016196	0.00723236	3
0.012524	-0.00412411	-0.0102513	-0.0119472	3
-0.00059695	-0.00688587	-0.0240157	-0.00734643	3
0.00321784	-0.0154758	-0.0125159	-0.00889116	3
0.0128078	0.0015311	-0.0109847	-0.000785332	3
0.00884866	-0.0108812	-0.0118223	-0.00871542	3
0.000574083	-0.0103148	-0.00602383	-0.0034039	3
0.00464723	-0.0111839	-0.0235291	0.0195476	3
0.00745009	-0.0133659	-0.0322373	0.00252298	3
0.00392634	-0.0138999	-0.0285977	-0.0189477	3
0.00598141	-0.00449036	-0.00279815	0.0160425	3
0.0151881	0.00228379	-0.00892257	-0.00053463	3
0.00158114	-0.0054089	-0.00683989	0.00413526	3
0.00220311	-0.016751	-0.0314274	-0.0133955	3
0.00868062	-0.0131104	-0.0143644	-0.00389428	3
0.00719101	-0.0103179	-0.0354199	0.0125004	3
0.00652971	-0.0131545	-0.0254405	-0.007057	3
0.00701136	-0.000550873	-0.00867623	0.00440311	3
-0.0128452	-0.0020493	0.00237471	-0.00614631	3
0.00424503	-0.0197298	-0.0283155	-0.0021255	3
0.00562671	-0.00967657	-0.0297758	0.00843577	3
0.00363472	-0.0122801	-0.022566	0.00256902	3
0.00482107	-0.0138091	-0.0325588	-0.00270017	3
-0.00451982	-0.00520697	-0.00663905	0.00288997	3
0.00972608	-0.0126148	-0.00836659	-0.00585079	3
0.0108973	0.00231645	0.000376516	-0.00725085	3
0.0210138	0.0116916	0.00477488	-0.00155018	3
0.00560279	-0.0114233	-0.0261543	0.00820662	3
0.0072749	-0.00829941	-0.0140553	0.00276259	3
0.00854306	-0.00625549	-0.00915551	-0.0192737	3
0.00126958	-0.012042	-0.00850627	0.00473794	3
0.012304	0.000592669	0.000954597	-0.00493641	3
0.00414514	-0.00853511	-0.0200297	0.00714888	3
0.00930143	-0.0101848	-0.00941969	-0.0118058	3
0.00662408	-0.0138665	-0.0246633	0.0123447	3
0.00928861	0.00127029	-0.00435199	-0.0106448	3
0.0185771	-0.00230084	-0.0141683	-0.0027323	3
0.0111062	0.000276559	-0.0208681	-0.00977463	3
0.00416034	-0.018036	-0.0227399	0.00160873	3
0.000614649	-0.011241	-0.0315878	0.00570688	3
0.00325554	-0.0195091	-0.0335879	-0.00795689	3
0.00194896	-0.0126425	-0.0212511	-0.00386975	3
0.00323807	-0.0177389	-0.0276315	-0.00969714	3
-0.0118805	0.00638218	-6.80E-05	-0.00621296	3
0.00253673	-0.0103	-0.0402113	0.0200535	3
-0.00139547	-0.0132429	-0.0304338	-0.00430208	3
0.0180258	0.00689897	-0.00184889	0.00204961	3
0.00821355	-0.0121252	-0.0279218	0.00382816	3
-0.0109375	-0.00141614	-0.00980822	0.00750925	3
0.00473297	-0.0151026	-0.0221567	0.013194	3
0.0155115	0.00779827	0.00398967	0.00172169	3
-0.00816594	-0.0113635	-0.0124927	0.00646463	3
0.000965974	-0.0156835	-0.0380315	0.00249433	3
0.0121169	-0.0079591	-0.0309033	-0.000766636	3
0.0077479	-0.000294656	-0.00582938	-0.0127362	3
-0.00640092	-0.00822699	-0.0095961	-0.00493063	3
0.0160087	-0.00731478	-0.017232	-0.0157599	3
0.00648302	-0.016671	-0.0329637	0.0102113	3
0.0103901	-0.0195664	-0.0291116	-0.00200263	3
0.00149625	0.00294963	-0.0121556	-0.0121556	3
0.00985959	-0.00882285	-0.0243774	-0.0129235	3
0.0116614	0.00734834	0.00979251	-0.000419922	3
0.00803202	-0.00195211	-0.00961995	-0.0133816	3
0.00482533	-0.0164126	-0.0229294	0.00249278	3
0.0081242	-0.0114484	-0.0346975	-0.005326	3
0.0116853	0.0026875	0.00737473	0.00259973	3
0.00355138	-0.0184022	-0.0317664	-0.00692929	3
-0.00486771	-0.0070176	-0.0137382	-0.00690362	3
-0.00111499	-0.013935	-0.0262422	-0.00988692	3
0.00781264	-0.00251573	-0.0171722	0.0080439	3
0.010465	-0.00305999	-0.0120278	-0.00664628	3
0.00795889	-0.0073473	-0.0162887	-0.0231488	3
0.000957795	-0.0178571	-0.0173927	0.000352044	3
0.0106011	0.00221407	-0.00653009	-0.00467946	3
0.00711783	-0.0172013	-0.0310276	-0.00796842	3
0.0166519	0.00586243	-0.00497933	0.000340722	3
0.00965582	-0.00516662	-0.00794363	0.00249677	3
-0.000249557	-0.0111099	-0.0115963	0.012873	3
0.00322706	-0.0165199	-0.0210325	0.0012419	3
-0.00285242	-0.013765	0.000519346	0.00294708	4
-0.0171242	-0.0126504	0.00383761	-0.00325494	4
0.0169296	-0.0105957	0.00375818	0.00391667	4
0.00252532	-0.0279712	0.00701461	0.00227199	4
0.00070023	-0.00581593	0.000109214	0.000949854	4
0.000986797	-0.0224786	-0.00109644	-0.00759493	4
0.0112329	-0.0163272	-0.00673179	0.0119165	4
0.00266389	-0.0257606	0.00324526	-0.0021415	4
0.00266999	-0.0179414	-0.00559838	-0.00549479	4
0.00219917	-0.0208003	0.00023001	-0.00157033	4
0.00305492	-0.0237278	0.000617889	-0.00404911	4
0.00281994	-0.0119739	-0.000702192	0.0107767	4
-0.000337568	-0.022883	0.0060986	0.000735938	4
0.00252413	-0.0214075	0.00508611	-0.0132348	4
0.00577087	-0.00190959	-0.0023316	0.000579082	4
-0.0172252	0.00160486	-0.00328107	-0.00770978	4
-0.000224718	-0.0134906	-0.00260754	0.0074081	4
0.00334751	-0.00904631	-0.00300614	0.0185443	4
-0.0131442	0.00238177	-0.00529493	0.000813635	4
0.00147873	-0.00654194	-0.00735891	-0.00220262	4
-0.0204638	-0.00471942	0.00511827	-0.00976357	4
0.0064479	-0.016826	-0.0282049	0.0127153	4
0.00527452	-0.0102563	-0.0136494	-0.00473746	4
-0.0191674	0.000185748	-0.00265449	-0.00127718	4
0.0137415	0.00120172	-0.00301647	-0.00171667	4
0.0108756	0.00339137	-0.00441015	-0.0159496	4
0.00560272	-0.0132824	-0.00143646	0.00993674	4
0.00450461	-0.00220409	-0.0104811	0.0188246	4
-0.00981788	-0.00554107	-0.00455696	0.00246336	4
-0.00154446	-0.000846118	-0.00594638	-0.00393557	4
0.00569481	0.00258337	0.0119249	0.0116581	4
0.0097115	0.00490337	0.000791348	-0.0198141	4
0.00265071	-0.0118347	-0.00267009	0.00307446	4
0.00800675	-0.0111623	0.00448862	-0.00686144	4
0.00563451	-0.0128491	0.00234765	-0.0052111	4
0.011836	-0.00796152	0.00278712	0.000722901	4
0.00606528	-0.0224854	-0.000381769	0.00293954	4
0.0188733	-0.016533	0.00802244	-0.00364231	4
0.00303732	-0.0152601	-0.00182402	0.0162177	4
